8 0.5016685205784205 0.5031269543464666 0.017797552836484983 0.015634771732332707
9 0.521134593993326 0.5031269543464666 0.018909899888765295 0.016885553470919325
2 0.5166852057842046 0.5250156347717323 0.010011123470522803 0.01813633520950594
11 0.4961067853170189 0.5268918073796123 0.008898776418242492 0.014383989993746092
11 0.42157953281423804 0.4884302689180738 0.020022246941045607 0.020012507817385866
11 0.4410456062291435 0.48686679174484054 0.018909899888765295 0.01813633520950594
11 0.4599555061179088 0.48811757348342716 0.018909899888765295 0.014383989993746092
12 0.5100111234705228 0.5059412132582864 0.3103448275862069 0.08880550343964978
10 0.4599555061179088 0.5056285178236398 0.018909899888765295 0.016885553470919325
7 0.5166852057842046 0.4831144465290807 0.018909899888765295 0.01938711694809256
11 0.5545050055617352 0.49749843652282677 0.010011123470522803 0.008130081300813009
11 0.5650723025583982 0.4978111319574734 0.013348164627363738 0.006253908692933083
11 0.5506117908787542 0.4812382739212008 0.020022246941045607 0.01813633520950594
11 0.5689655172413793 0.4821763602251407 0.018909899888765295 0.013758599124452783
11 0.5873192436040044 0.4818636647904941 0.017797552836484983 0.014383989993746092
5 0.5317018909899889 0.524390243902439 0.02224694104560623 0.016885553470919325
2 0.46273637374860954 0.5281425891181989 0.01557285873192436 0.01938711694809256
2 0.4855394883203559 0.5275171982489055 0.012235817575083427 0.01938711694809256
2 0.4471635150166852 0.5071919949968731 0.011123470522803115 0.017510944340212633
3 0.4955506117908788 0.4843652282676673 0.021134593993325918 0.01938711694809256
3 0.5394883203559511 0.5015634771732332 0.017797552836484983 0.016260162601626018
3 0.4799777530589544 0.5043777360850532 0.018909899888765295 0.016885553470919325