0 0.52392578125 0.3567708333333333 0.0048828125 0.0078125
11 0.5517578125 0.3313802083333333 0.0078125 0.016927083333333332
11 0.560546875 0.3326822916666667 0.0078125 0.01171875
11 0.5458984375 0.349609375 0.0078125 0.016927083333333332
11 0.5537109375 0.349609375 0.0078125 0.016927083333333332
1 0.5166015625 0.3424479166666667 0.013671875 0.028645833333333332
12 0.52001953125 0.349609375 0.1513671875 0.08203125
11 0.56103515625 0.349609375 0.0048828125 0.016927083333333332
11 0.56787109375 0.3483072916666667 0.0087890625 0.01953125
11 0.52490234375 0.3776041666666667 0.0107421875 0.015625
11 0.568359375 0.3743489583333333 0.009765625 0.016927083333333332
1 0.5302734375 0.3411458333333333 0.013671875 0.028645833333333332