4 0.4725609756097561 0.31201171875 0.022357723577235773 0.0185546875
3 0.44410569105691056 0.3115234375 0.022357723577235773 0.017578125
10 0.45426829268292684 0.33544921875 0.026422764227642278 0.0224609375
9 0.3617886178861789 0.31005859375 0.024390243902439025 0.0185546875
1 0.4217479674796748 0.3349609375 0.022357723577235773 0.0234375
4 0.38922764227642276 0.310546875 0.022357723577235773 0.017578125
7 0.4166666666666667 0.310546875 0.02032520325203252 0.017578125
3 0.3597560975609756 0.33447265625 0.024390243902439025 0.0224609375
3 0.33434959349593496 0.31005859375 0.022357723577235773 0.0185546875
3 0.391260162601626 0.33447265625 0.026422764227642278 0.0224609375
12 0.40752032520325204 0.306640625 0.3556910569105691 0.091796875