4 0.701171875 0.8553719008264463 0.01953125 0.0743801652892562
12 0.68701171875 0.8068181818181818 0.2451171875 0.33264462809917356
11 0.685546875 0.8584710743801653 0.0078125 0.05165289256198347
11 0.62890625 0.7789256198347108 0.009765625 0.03305785123966942
11 0.640625 0.7778925619834711 0.01171875 0.03512396694214876
11 0.65185546875 0.7758264462809917 0.0107421875 0.030991735537190084
11 0.6611328125 0.7758264462809917 0.009765625 0.03512396694214876
11 0.671875 0.7727272727272727 0.01171875 0.03305785123966942
11 0.72216796875 0.7665289256198347 0.0087890625 0.03305785123966942
11 0.734375 0.768595041322314 0.015625 0.028925619834710745
2 0.638671875 0.71900826446281 0.0078125 0.06198347107438017
9 0.65283203125 0.7179752066115702 0.0185546875 0.0640495867768595
9 0.693359375 0.7138429752066116 0.01953125 0.0640495867768595
8 0.736328125 0.7055785123966942 0.01953125 0.0640495867768595
8 0.673828125 0.7138429752066116 0.017578125 0.05991735537190083
4 0.71435546875 0.7107438016528925 0.0185546875 0.05785123966942149
4 0.72265625 0.8543388429752066 0.021484375 0.07644628099173553
3 0.64794921875 0.8605371900826446 0.0205078125 0.07231404958677685
3 0.67041015625 0.859504132231405 0.0185546875 0.0743801652892562