10 0.6650390625 0.6451822916666666 0.01171875 0.029947916666666668
12 0.70068359375 0.6451822916666666 0.2255859375 0.14973958333333334
7 0.72119140625 0.6380208333333334 0.0146484375 0.028645833333333332
4 0.70849609375 0.6399739583333334 0.0126953125 0.029947916666666668
4 0.69384765625 0.6412760416666666 0.0146484375 0.029947916666666668
1 0.6787109375 0.6803385416666666 0.015625 0.03515625
11 0.6904296875 0.6796875 0.0078125 0.0234375
6 0.7021484375 0.607421875 0.017578125 0.032552083333333336
6 0.7177734375 0.677734375 0.017578125 0.03515625
2 0.65380859375 0.646484375 0.0087890625 0.02734375
2 0.66650390625 0.681640625 0.0087890625 0.032552083333333336
2 0.70556640625 0.6790364583333334 0.0068359375 0.032552083333333336
1 0.67919921875 0.6432291666666666 0.0146484375 0.028645833333333332
11 0.63623046875 0.61328125 0.0146484375 0.033854166666666664
11 0.650390625 0.61328125 0.013671875 0.033854166666666664
11 0.66357421875 0.615234375 0.0126953125 0.024739583333333332
11 0.72802734375 0.6048177083333334 0.0166015625 0.03515625
11 0.74169921875 0.6061197916666666 0.0126953125 0.02734375
11 0.75537109375 0.60546875 0.0146484375 0.026041666666666668
11 0.7314453125 0.630859375 0.0078125 0.016927083333333332
11 0.74072265625 0.6321614583333334 0.0107421875 0.014322916666666666