11 0.40044493882091214 0.46028767979987495 0.013348164627363738 0.020012507817385866
11 0.2374860956618465 0.39524702939337086 0.027808676307007785 0.0300187617260788
11 0.2664071190211346 0.3955597248280175 0.025583982202447165 0.028142589118198873
11 0.29588431590656283 0.39524702939337086 0.026696329254727477 0.028767979987492184
11 0.3231368186874305 0.39462163852407756 0.027808676307007785 0.028767979987492184
11 0.4955506117908788 0.42120075046904315 0.014460511679644048 0.014383989993746092
11 0.5139043381535039 0.42245153220762977 0.02224694104560623 0.010631644777986242
0 0.5734149054505006 0.4058786741713571 0.01668520578420467 0.012507817385866166
6 0.5517241379310345 0.3968105065666041 0.028921023359288096 0.030644152595372107
7 0.6090100111234705 0.3971232020012508 0.03225806451612903 0.031269543464665414
7 0.3515016685205784 0.4268292682926829 0.028921023359288096 0.02689180737961226
2 0.4688542825361513 0.46216385240775487 0.01668520578420467 0.0300187617260788
2 0.3515016685205784 0.46153846153846156 0.013348164627363738 0.0300187617260788
2 0.3303670745272525 0.4274546591619762 0.011123470522803115 0.028142589118198873
2 0.492769744160178 0.3968105065666041 0.02224694104560623 0.030644152595372107
1 0.5216907675194661 0.3964978111319575 0.028921023359288096 0.028767979987492184
1 0.3754171301446051 0.4612257661038149 0.030033370411568408 0.030644152595372107
5 0.3809788654060067 0.4268292682926829 0.027808676307007785 0.023139462163852407
4 0.41268075639599555 0.4265165728580363 0.028921023359288096 0.025015634771732333
4 0.42436040044493883 0.4612257661038149 0.030033370411568408 0.029393370856785492
3 0.47163515016685204 0.4268292682926829 0.024471635150166853 0.02564102564102564
8 0.44438264738598443 0.4268292682926829 0.02335928809788654 0.02689180737961226
12 0.42046718576195774 0.43058161350844276 0.48053392658509453 0.11944965603502189