1 0.455078125 0.544921875 0.01171875 0.015625
1 0.501953125 0.5107421875 0.01171875 0.015625
1 0.525390625 0.51025390625 0.01171875 0.0146484375
0 0.5110677083333334 0.5146484375 0.006510416666666667 0.005859375
0 0.4309895833333333 0.51513671875 0.005208333333333333 0.0048828125
11 0.4283854166666667 0.546875 0.010416666666666666 0.01171875
5 0.4147135416666667 0.54736328125 0.009114583333333334 0.0107421875
4 0.4453125 0.5263671875 0.010416666666666666 0.013671875
3 0.4876302083333333 0.544921875 0.014322916666666666 0.015625
3 0.431640625 0.5263671875 0.01171875 0.013671875
11 0.5481770833333334 0.51171875 0.013020833333333334 0.01171875
11 0.5358072916666666 0.5107421875 0.009114583333333334 0.015625
11 0.4225260416666667 0.51220703125 0.01171875 0.0107421875
11 0.3997395833333333 0.5107421875 0.013020833333333334 0.015625
12 0.4733072916666667 0.529296875 0.19401041666666666 0.06640625
1 0.4739583333333333 0.54541015625 0.013020833333333334 0.0146484375
10 0.494140625 0.5263671875 0.01171875 0.013671875
6 0.4817708333333333 0.5263671875 0.010416666666666666 0.013671875
8 0.4700520833333333 0.52587890625 0.010416666666666666 0.0126953125
2 0.4609375 0.52685546875 0.005208333333333333 0.0126953125
2 0.4453125 0.54541015625 0.005208333333333333 0.0146484375
11 0.4641927083333333 0.544921875 0.00390625 0.009765625