11 0.7115885416666666 0.4681712962962963 0.013020833333333334 0.019675925925925927
11 0.6666666666666666 0.5335648148148148 0.0078125 0.034722222222222224
5 0.69921875 0.5300925925925926 0.018229166666666668 0.04398148148148148
1 0.6803385416666666 0.5329861111111112 0.01953125 0.04976851851851852
4 0.6536458333333334 0.5347222222222222 0.016927083333333332 0.05092592592592592
3 0.6334635416666666 0.5370370370370371 0.016927083333333332 0.05092592592592592
12 0.6715494791666666 0.4913194444444444 0.22200520833333334 0.24421296296296297
9 0.7125651041666666 0.4230324074074074 0.016276041666666668 0.04513888888888889
0 0.7034505208333334 0.44039351851851855 0.004557291666666667 0.008101851851851851
4 0.6936848958333334 0.4241898148148148 0.014973958333333334 0.04513888888888889
10 0.6751302083333334 0.42592592592592593 0.016927083333333332 0.046296296296296294
2 0.662109375 0.42766203703703703 0.006510416666666667 0.04050925925925926
11 0.5764973958333334 0.4756944444444444 0.009765625 0.023148148148148147
11 0.5872395833333334 0.47627314814814814 0.010416666666666666 0.024305555555555556
11 0.59375 0.47511574074074076 0.00390625 0.024305555555555556
11 0.6002604166666666 0.47453703703703703 0.009114583333333334 0.023148148148148147
11 0.7008463541666666 0.4652777777777778 0.008463541666666666 0.023148148148148147