11 0.5520833333333334 0.53 0.0175 0.02125
12 0.5175 0.553125 0.24 0.08375
6 0.5116666666666667 0.5509375 0.015 0.018125
6 0.5270833333333333 0.550625 0.014166666666666666 0.0175
6 0.5183333333333333 0.5740625 0.018333333333333333 0.020625
2 0.48125 0.574375 0.010833333333333334 0.02
2 0.49833333333333335 0.5746875 0.008333333333333333 0.019375
2 0.5408333333333334 0.5740625 0.01 0.020625
2 0.5083333333333333 0.530625 0.015 0.02125
3 0.4633333333333333 0.5515625 0.016666666666666666 0.019375
3 0.49541666666666667 0.5509375 0.014166666666666666 0.018125
5 0.4791666666666667 0.5515625 0.015 0.016875
4 0.5429166666666667 0.5503125 0.015833333333333335 0.018125
4 0.4191666666666667 0.55125 0.015 0.01875
10 0.5245833333333333 0.53 0.015833333333333335 0.02125
11 0.44958333333333333 0.530625 0.0175 0.02125
11 0.46541666666666665 0.530625 0.014166666666666666 0.02
11 0.48 0.5328125 0.015 0.015625
11 0.5679166666666666 0.531875 0.014166666666666666 0.01625
11 0.5829166666666666 0.5325 0.014166666666666666 0.01625
11 0.5545833333333333 0.5465625 0.005833333333333334 0.010625
11 0.5645833333333333 0.5471875 0.0125 0.008125
11 0.5058333333333334 0.5746875 0.006666666666666667 0.014375