12 0.5170833333333333 0.2753125 0.15583333333333332 0.053125
11 0.5741666666666667 0.2934375 0.011666666666666667 0.011875
11 0.52 0.294375 0.011666666666666667 0.01
11 0.55625 0.26125 0.0075 0.01
11 0.5666666666666667 0.2628125 0.01 0.006875
2 0.45 0.2678125 0.005 0.018125
3 0.4608333333333333 0.268125 0.016666666666666666 0.02
3 0.51125 0.268125 0.015833333333333335 0.02
1 0.47791666666666666 0.268125 0.015833333333333335 0.02
1 0.4945833333333333 0.268125 0.015833333333333335 0.02
9 0.5275 0.2678125 0.016666666666666666 0.019375