11 0.56787109375 0.5852864583333334 0.0087890625 0.029947916666666668
11 0.6337890625 0.533203125 0.013671875 0.014322916666666666
11 0.623046875 0.5299479166666666 0.0078125 0.020833333333333332
11 0.65576171875 0.50390625 0.0185546875 0.03125
11 0.638671875 0.5026041666666666 0.015625 0.033854166666666664
11 0.6220703125 0.498046875 0.017578125 0.040364583333333336
11 0.54052734375 0.501953125 0.0166015625 0.029947916666666668
11 0.5234375 0.5013020833333334 0.017578125 0.03125
11 0.50732421875 0.4973958333333333 0.0185546875 0.041666666666666664
2 0.61328125 0.5397135416666666 0.009765625 0.03515625
7 0.54052734375 0.5384114583333334 0.0166015625 0.03515625
2 0.60693359375 0.583984375 0.0126953125 0.037760416666666664
2 0.53955078125 0.5859375 0.0107421875 0.036458333333333336
4 0.59326171875 0.5390625 0.0166015625 0.036458333333333336
4 0.5810546875 0.5852864583333334 0.017578125 0.040364583333333336
1 0.5537109375 0.5846354166666666 0.017578125 0.0390625
1 0.55810546875 0.5384114583333334 0.0185546875 0.03515625
2 0.57861328125 0.5377604166666666 0.0107421875 0.033854166666666664
2 0.52685546875 0.5384114583333334 0.0107421875 0.032552083333333336
5 0.58935546875 0.4967447916666667 0.0185546875 0.040364583333333336
12 0.58349609375 0.541015625 0.2666015625 0.16015625