12 0.46770601336302897 0.3159375 0.3028953229398664 0.089375
8 0.4304008908685969 0.3203125 0.01893095768374165 0.016875
3 0.405902004454343 0.320625 0.021158129175946547 0.0175
3 0.47884187082405344 0.3209375 0.0200445434298441 0.016875
3 0.5267260579064588 0.32125 0.0200445434298441 0.0175
3 0.4287305122494432 0.3453125 0.022271714922048998 0.021875
3 0.45657015590200445 0.3453125 0.022271714922048998 0.021875
3 0.5100222717149221 0.3453125 0.022271714922048998 0.021875
9 0.4537861915367483 0.320625 0.021158129175946547 0.0175
1 0.48329621380846327 0.3453125 0.024498886414253896 0.021875
9 0.5022271714922049 0.3209375 0.0200445434298441 0.018125