2 0.4264322916666667 0.56005859375 0.009114583333333334 0.0224609375
12 0.4615885416666667 0.5498046875 0.15234375 0.06640625
7 0.4720052083333333 0.5361328125 0.014322916666666666 0.01953125
1 0.4895833333333333 0.56103515625 0.018229166666666668 0.0244140625
3 0.4700520833333333 0.56103515625 0.018229166666666668 0.0244140625
8 0.4420572916666667 0.55908203125 0.014322916666666666 0.0224609375
8 0.5091145833333334 0.5361328125 0.013020833333333334 0.01953125
11 0.4557291666666667 0.55859375 0.0078125 0.013671875
4 0.4192708333333333 0.53515625 0.013020833333333334 0.01953125
2 0.4407552083333333 0.53564453125 0.006510416666666667 0.0185546875
2 0.494140625 0.53662109375 0.009114583333333334 0.0185546875
8 0.4557291666666667 0.53515625 0.013020833333333334 0.01953125