1 0.4765217391304348 0.3994140625 0.02434782608695652 0.017578125
1 0.43043478260869567 0.53369140625 0.05391304347826087 0.0302734375
1 0.3808695652173913 0.48046875 0.020869565217391306 0.01953125
9 0.5808695652173913 0.4326171875 0.05565217391304348 0.03125
1 0.40956521739130436 0.43212890625 0.029565217391304348 0.0166015625
1 0.38 0.5234375 0.019130434782608695 0.017578125
4 0.6191304347826087 0.4052734375 0.05217391304347826 0.029296875
4 0.5452173913043479 0.45751953125 0.050434782608695654 0.0302734375
3 0.5060869565217392 0.484375 0.059130434782608696 0.03515625
5 0.39304347826086955 0.43994140625 0.02434782608695652 0.0166015625
6 0.46 0.40625 0.02608695652173913 0.017578125
6 0.46608695652173915 0.50634765625 0.05217391304347826 0.0322265625
12 0.5260869565217391 0.4775390625 0.31130434782608696 0.1796875