11 0.4878472222222222 0.5029296875 0.006944444444444444 0.0078125
11 0.4800347222222222 0.5029296875 0.008680555555555556 0.0078125
11 0.4644097222222222 0.5029296875 0.008680555555555556 0.0078125
11 0.4557291666666667 0.50244140625 0.008680555555555556 0.0087890625
9 0.5373263888888888 0.4921875 0.015625 0.013671875
5 0.5208333333333334 0.49267578125 0.013888888888888888 0.0126953125
3 0.5060763888888888 0.51953125 0.019097222222222224 0.015625
2 0.4887152777777778 0.51904296875 0.012152777777777778 0.0146484375
2 0.4730902777777778 0.51904296875 0.012152777777777778 0.0146484375
2 0.5260416666666666 0.52001953125 0.013888888888888888 0.0146484375
2 0.5086805555555556 0.49267578125 0.010416666666666666 0.0126953125
7 0.4904513888888889 0.4912109375 0.015625 0.013671875
7 0.4748263888888889 0.4912109375 0.015625 0.013671875
11 0.5251736111111112 0.50341796875 0.008680555555555556 0.0068359375
11 0.5355902777777778 0.50439453125 0.012152777777777778 0.0068359375
11 0.4722222222222222 0.5029296875 0.006944444444444444 0.0078125
12 0.4982638888888889 0.5068359375 0.1909722222222222 0.064453125