12 0.46279373368146215 0.64892578125 0.8498694516971279 0.2919921875
6 0.39099216710182766 0.63427734375 0.050913838120104436 0.0595703125
10 0.44321148825065276 0.63330078125 0.048302872062663184 0.0576171875
9 0.4934725848563969 0.56005859375 0.05221932114882506 0.0673828125
9 0.4993472584856397 0.6318359375 0.05352480417754569 0.056640625
5 0.5554830287206266 0.6318359375 0.048302872062663184 0.05078125
1 0.38054830287206265 0.7158203125 0.05613577023498695 0.06640625
6 0.5261096605744126 0.71240234375 0.06266318537859007 0.0673828125
11 0.22845953002610966 0.5634765625 0.05483028720626632 0.068359375
11 0.2819843342036554 0.56396484375 0.05221932114882506 0.0654296875
11 0.33550913838120106 0.57080078125 0.05483028720626632 0.0517578125
11 0.5913838120104439 0.5576171875 0.05483028720626632 0.0703125
11 0.6429503916449086 0.56640625 0.048302872062663184 0.05078125
11 0.6951697127937336 0.56591796875 0.050913838120104436 0.0537109375
2 0.29765013054830286 0.63671875 0.031331592689295036 0.056640625
2 0.35052219321148825 0.63525390625 0.022193211488250653 0.0576171875
2 0.3368146214099217 0.7197265625 0.020887728459530026 0.068359375
2 0.16906005221932116 0.73046875 0.016971279373368148 0.05078125
4 0.2010443864229765 0.72998046875 0.04177545691906005 0.0517578125
3 0.43798955613577023 0.560546875 0.05352480417754569 0.0703125
3 0.4660574412532637 0.71435546875 0.05483028720626632 0.0712890625
11 0.6272845953002611 0.62158203125 0.04046997389033943 0.0283203125
11 0.4236292428198433 0.71533203125 0.022193211488250653 0.0498046875
11 0.26109660574412535 0.73046875 0.04177545691906005 0.0546875
11 0.5933420365535248 0.6181640625 0.024804177545691905 0.03125