11 0.62451171875 0.9782986111111112 0.0107421875 0.03993055555555555
11 0.6748046875 0.8949652777777778 0.015625 0.022569444444444444
11 0.6611328125 0.8940972222222222 0.01171875 0.03125
11 0.6083984375 0.90625 0.01171875 0.027777777777777776
11 0.59765625 0.9071180555555556 0.01171875 0.029513888888888888
11 0.58642578125 0.9088541666666666 0.0126953125 0.029513888888888888
11 0.5751953125 0.9105902777777778 0.013671875 0.029513888888888888
11 0.5625 0.9131944444444444 0.013671875 0.03125
7 0.673828125 0.8402777777777778 0.021484375 0.05555555555555555
6 0.65283203125 0.84375 0.0205078125 0.05555555555555555
2 0.63720703125 0.8472222222222222 0.0107421875 0.04861111111111111
7 0.60986328125 0.8515625 0.0205078125 0.057291666666666664
9 0.587890625 0.8550347222222222 0.021484375 0.057291666666666664
2 0.572265625 0.8576388888888888 0.009765625 0.052083333333333336
12 0.626953125 0.8880208333333334 0.265625 0.2204861111111111