11 0.5279947916666666 0.5205078125 0.009114583333333334 0.015625
12 0.4661458333333333 0.53759765625 0.20052083333333334 0.0712890625
11 0.4205729166666667 0.5556640625 0.010416666666666666 0.01171875
11 0.45703125 0.55419921875 0.005208333333333333 0.0107421875
11 0.5403645833333334 0.521484375 0.013020833333333334 0.01171875
11 0.5026041666666666 0.53369140625 0.0078125 0.0068359375
11 0.4954427083333333 0.533203125 0.006510416666666667 0.0078125
11 0.392578125 0.5185546875 0.014322916666666666 0.015625
11 0.4147135416666667 0.5205078125 0.01171875 0.013671875
0 0.423828125 0.52392578125 0.006510416666666667 0.0068359375
1 0.494140625 0.51953125 0.01171875 0.015625
1 0.517578125 0.5205078125 0.01171875 0.015625
1 0.4479166666666667 0.5537109375 0.013020833333333334 0.015625
0 0.50390625 0.5244140625 0.005208333333333333 0.005859375
3 0.4251302083333333 0.53564453125 0.01171875 0.0146484375
3 0.4615885416666667 0.53564453125 0.01171875 0.0146484375
4 0.4375 0.53564453125 0.013020833333333334 0.0146484375
4 0.4498697916666667 0.53564453125 0.01171875 0.0146484375
10 0.474609375 0.5361328125 0.01171875 0.013671875
7 0.486328125 0.53564453125 0.01171875 0.0146484375
8 0.4088541666666667 0.55517578125 0.0078125 0.0107421875
8 0.48046875 0.5537109375 0.013020833333333334 0.015625
2 0.4375 0.55419921875 0.005208333333333333 0.0146484375
2 0.470703125 0.55419921875 0.006510416666666667 0.0146484375