12 0.48681640625 0.681465038845727 0.4462890625 0.2286348501664817
11 0.6318359375 0.623196448390677 0.02734375 0.06104328523862375
11 0.31005859375 0.6193118756936737 0.0302734375 0.05771365149833518
11 0.3642578125 0.6248612652608213 0.02734375 0.04661487236403995
11 0.572265625 0.672031076581576 0.021484375 0.023307436182019976
11 0.5546875 0.6698113207547169 0.013671875 0.029966703662597113
11 0.66064453125 0.6298557158712541 0.0283203125 0.04550499445061043
0 0.54736328125 0.6392896781354052 0.0146484375 0.0244173140954495
0 0.38623046875 0.6370699223085461 0.0166015625 0.0244173140954495
9 0.5185546875 0.746392896781354 0.029296875 0.05660377358490566
1 0.58056640625 0.6220865704772475 0.0283203125 0.05660377358490566
1 0.5263671875 0.6204217536071032 0.02734375 0.05771365149833518
1 0.47509765625 0.6792452830188679 0.0263671875 0.048834628190899
1 0.44287109375 0.7452830188679245 0.0322265625 0.05660377358490566
2 0.39697265625 0.6809100998890122 0.0146484375 0.049944506104328525
2 0.42724609375 0.6803551609322974 0.0107421875 0.048834628190899
2 0.419921875 0.7475027746947835 0.013671875 0.06104328523862375
3 0.48583984375 0.744173140954495 0.0322265625 0.058823529411764705
6 0.53369140625 0.6803551609322974 0.0263671875 0.051054384017758046
10 0.5048828125 0.6803551609322974 0.02734375 0.048834628190899
8 0.44873046875 0.6775804661487237 0.0244140625 0.049944506104328525