9 0.5299479166666666 0.72119140625 0.046875 0.0556640625
12 0.4778645833333333 0.6591796875 0.65625 0.224609375
2 0.490234375 0.720703125 0.02734375 0.052734375
1 0.2109375 0.65478515625 0.041666666666666664 0.0478515625
3 0.3372395833333333 0.65625 0.036458333333333336 0.048828125
3 0.4641927083333333 0.65625 0.037760416666666664 0.046875
4 0.3802083333333333 0.65625 0.036458333333333336 0.048828125
4 0.4231770833333333 0.65625 0.036458333333333336 0.048828125
6 0.5481770833333334 0.6572265625 0.0390625 0.048828125
10 0.5052083333333334 0.65673828125 0.0390625 0.0478515625
7 0.412109375 0.720703125 0.05078125 0.056640625
7 0.271484375 0.72802734375 0.03515625 0.0400390625
11 0.3196614583333333 0.72705078125 0.029947916666666668 0.0400390625
6 0.6549479166666666 0.6005859375 0.044270833333333336 0.05859375
0 0.607421875 0.6171875 0.022135416666666668 0.021484375
3 0.5787760416666666 0.599609375 0.037760416666666664 0.056640625
7 0.5403645833333334 0.6005859375 0.041666666666666664 0.0546875
2 0.4993489583333333 0.599609375 0.03515625 0.056640625
0 0.3307291666666667 0.615234375 0.020833333333333332 0.0234375
11 0.22135416666666666 0.59765625 0.041666666666666664 0.05859375
11 0.2981770833333333 0.603515625 0.044270833333333336 0.04296875
11 0.6940104166666666 0.6005859375 0.033854166666666664 0.05859375
11 0.7376302083333334 0.6083984375 0.040364583333333336 0.04296875
11 0.5807291666666666 0.646484375 0.018229166666666668 0.02734375
11 0.60546875 0.64892578125 0.028645833333333332 0.0224609375
11 0.4466145833333333 0.720703125 0.020833333333333332 0.037109375