11 0.68310546875 0.3990885416666667 0.0185546875 0.022135416666666668
7 0.5322265625 0.4114583333333333 0.02734375 0.0546875
9 0.61328125 0.3430989583333333 0.029296875 0.06380208333333333
9 0.64453125 0.4095052083333333 0.02734375 0.053385416666666664
9 0.6298828125 0.4837239583333333 0.03125 0.061197916666666664
2 0.51171875 0.412109375 0.01171875 0.05078125
2 0.533203125 0.4856770833333333 0.013671875 0.057291666666666664
2 0.60693359375 0.484375 0.0126953125 0.057291666666666664
1 0.56103515625 0.41015625 0.0283203125 0.0546875
1 0.55615234375 0.484375 0.0302734375 0.059895833333333336
5 0.59033203125 0.4108072916666667 0.0283203125 0.05078125
8 0.6181640625 0.4088541666666667 0.0234375 0.0546875
11 0.66650390625 0.396484375 0.0126953125 0.02734375
11 0.4794921875 0.3430989583333333 0.029296875 0.06640625
11 0.50830078125 0.3522135416666667 0.0263671875 0.045572916666666664
11 0.533203125 0.34375 0.01953125 0.06510416666666667
11 0.6650390625 0.341796875 0.029296875 0.06380208333333333
11 0.6923828125 0.3509114583333333 0.025390625 0.048177083333333336
11 0.72021484375 0.3502604166666667 0.0302734375 0.046875
12 0.6025390625 0.4153645833333333 0.453125 0.2708333333333333