12 0.6484375 0.6354166666666666 0.25 0.3449074074074074
11 0.6647135416666666 0.5266203703703703 0.01953125 0.06712962962962964
11 0.6826171875 0.5248842592592593 0.016276041666666668 0.06597222222222222
11 0.701171875 0.5248842592592593 0.01953125 0.06597222222222222
11 0.7421875 0.6116898148148148 0.018229166666666668 0.061342592592592594
11 0.6712239583333334 0.7094907407407407 0.01171875 0.03935185185185185
11 0.685546875 0.7083333333333334 0.013020833333333334 0.03935185185185185
11 0.6982421875 0.7054398148148148 0.007161458333333333 0.03819444444444445
11 0.7112630208333334 0.7060185185185185 0.011067708333333334 0.03935185185185185
11 0.6728515625 0.7575231481481481 0.012369791666666666 0.03819444444444445
11 0.6861979166666666 0.7552083333333334 0.01171875 0.04050925925925926
0 0.6282552083333334 0.7262731481481481 0.006510416666666667 0.015046296296296295
1 0.6468098958333334 0.6973379629629629 0.018880208333333332 0.06828703703703703
1 0.6100260416666666 0.6996527777777778 0.01953125 0.06828703703703703
2 0.6487630208333334 0.7598379629629629 0.013671875 0.03819444444444445
2 0.5797526041666666 0.7650462962962963 0.014973958333333334 0.03935185185185185
4 0.7073567708333334 0.6122685185185185 0.017578125 0.06481481481481481
6 0.6292317708333334 0.5277777777777778 0.018880208333333332 0.06481481481481481
6 0.5930989583333334 0.5300925925925926 0.018229166666666668 0.06712962962962964
6 0.634765625 0.7598379629629629 0.013020833333333334 0.03819444444444445
8 0.5930989583333334 0.7638888888888888 0.01171875 0.03935185185185185
9 0.6070963541666666 0.7627314814814815 0.012369791666666666 0.03935185185185185
7 0.6207682291666666 0.7615740740740741 0.012369791666666666 0.03935185185185185
10 0.57421875 0.5300925925925926 0.018229166666666668 0.06481481481481481