12 0.6708984375 0.8133680555555556 0.3046875 0.359375
1 0.72705078125 0.7005208333333334 0.0224609375 0.06076388888888889
1 0.70068359375 0.7039930555555556 0.0205078125 0.06076388888888889
0 0.71337890625 0.7265625 0.0048828125 0.015625
11 0.6630859375 0.8602430555555556 0.015625 0.0642361111111111
11 0.70947265625 0.7630208333333334 0.0107421875 0.036458333333333336
11 0.57373046875 0.7751736111111112 0.0126953125 0.03298611111111111
11 0.56396484375 0.7769097222222222 0.0048828125 0.036458333333333336
11 0.5537109375 0.7777777777777778 0.01171875 0.034722222222222224
11 0.5400390625 0.7777777777777778 0.013671875 0.03819444444444445
11 0.72412109375 0.7673611111111112 0.0166015625 0.027777777777777776