1 0.49375 0.4753125 0.010833333333333334 0.014375
11 0.37083333333333335 0.47375 0.011666666666666667 0.01375
11 0.39375 0.475625 0.010833333333333334 0.01125
11 0.5041666666666667 0.475625 0.008333333333333333 0.01375
11 0.5158333333333334 0.4775 0.011666666666666667 0.01125
11 0.4725 0.4878125 0.005 0.006875
11 0.4795833333333333 0.48875 0.0075 0.005
11 0.39916666666666667 0.5103125 0.008333333333333333 0.010625
10 0.42541666666666667 0.50875 0.0125 0.015
5 0.44375 0.508125 0.0125 0.01375
4 0.45708333333333334 0.5090625 0.0125 0.014375
4 0.38625 0.51 0.009166666666666667 0.01
4 0.46375 0.4909375 0.010833333333333334 0.013125
4 0.41583333333333333 0.4903125 0.01 0.013125
3 0.40291666666666665 0.49 0.010833333333333334 0.0125
8 0.4525 0.490625 0.01 0.0125
8 0.4404166666666667 0.4903125 0.009166666666666667 0.011875
8 0.42833333333333334 0.49 0.01 0.0125
0 0.48041666666666666 0.48 0.005833333333333334 0.005
0 0.40208333333333335 0.47875 0.005833333333333334 0.005
1 0.36833333333333335 0.489375 0.011666666666666667 0.0125
1 0.47208333333333335 0.4753125 0.010833333333333334 0.014375
11 0.435 0.5084375 0.0033333333333333335 0.010625
12 0.44416666666666665 0.4925 0.185 0.06125