12 0.5225694444444444 0.51220703125 0.1736111111111111 0.0595703125
2 0.4670138888888889 0.52294921875 0.010416666666666666 0.0166015625
2 0.4913194444444444 0.52294921875 0.010416666666666666 0.0166015625
2 0.5659722222222222 0.52392578125 0.010416666666666666 0.0185546875
8 0.5477430555555556 0.4951171875 0.019097222222222224 0.015625
9 0.5095486111111112 0.5234375 0.022569444444444444 0.017578125
9 0.5338541666666666 0.5234375 0.022569444444444444 0.017578125
1 0.5703125 0.49609375 0.019097222222222224 0.015625
0 0.5581597222222222 0.50390625 0.005208333333333333 0.00390625
11 0.4947916666666667 0.5087890625 0.010416666666666666 0.009765625
11 0.5060763888888888 0.509765625 0.012152777777777778 0.0078125
2 0.53125 0.4951171875 0.010416666666666666 0.015625
2 0.5095486111111112 0.49560546875 0.008680555555555556 0.0146484375