1 0.5345528455284553 0.5525 0.023035230352303523 0.01625
1 0.5663956639566395 0.535625 0.02168021680216802 0.01375
1 0.5440379403794038 0.51875 0.023035230352303523 0.01625
2 0.6158536585365854 0.5190625 0.012195121951219513 0.016875
2 0.510840108401084 0.5528125 0.013550135501355014 0.014375
2 0.4905149051490515 0.5525 0.013550135501355014 0.015
2 0.4451219512195122 0.5546875 0.009485094850948509 0.011875
2 0.43089430894308944 0.554375 0.01084010840108401 0.01125
9 0.5074525745257452 0.51875 0.02032520325203252 0.01375
0 0.5223577235772358 0.5234375 0.009485094850948509 0.005625
11 0.5941734417344173 0.5325 0.012195121951219513 0.00625
11 0.5833333333333334 0.5325 0.009485094850948509 0.00625
11 0.4627371273712737 0.5546875 0.014905149051490514 0.011875
11 0.5982384823848238 0.5215625 0.02032520325203252 0.011875
11 0.453929539295393 0.51875 0.018970189701897018 0.0175
11 0.4356368563685637 0.52 0.017615176151761516 0.0125
11 0.4173441734417344 0.518125 0.018970189701897018 0.015
1 0.6341463414634146 0.519375 0.018970189701897018 0.015
1 0.6537940379403794 0.5196875 0.023035230352303523 0.015625
3 0.489159891598916 0.5346875 0.024390243902439025 0.014375
3 0.556910569105691 0.5534375 0.02168021680216802 0.016875
8 0.5121951219512195 0.5340625 0.018970189701897018 0.013125
8 0.5304878048780488 0.5346875 0.014905149051490514 0.013125
10 0.5467479674796748 0.5353125 0.017615176151761516 0.014375
11 0.5792682926829268 0.51875 0.014905149051490514 0.01875
12 0.5345528455284553 0.5353125 0.31842818428184283 0.066875
1 0.41395663956639567 0.5340625 0.02032520325203252 0.011875