11 0.6891276041666666 0.4224537037037037 0.016276041666666668 0.023148148148148147
2 0.5846354166666666 0.375 0.0078125 0.04861111111111111
2 0.6513671875 0.37094907407407407 0.007161458333333333 0.04513888888888889
3 0.6005859375 0.3738425925925926 0.018880208333333332 0.05092592592592592
3 0.623046875 0.3726851851851852 0.01953125 0.05324074074074074
6 0.6676432291666666 0.36863425925925924 0.018880208333333332 0.052083333333333336
7 0.6904296875 0.36747685185185186 0.018880208333333332 0.052083333333333336
3 0.59375 0.5040509259259259 0.022135416666666668 0.061342592592592594
3 0.6175130208333334 0.5028935185185185 0.021484375 0.061342592592592594
11 0.6334635416666666 0.5005787037037037 0.009114583333333334 0.04282407407407408
5 0.6507161458333334 0.4994212962962963 0.022786458333333332 0.056712962962962965
5 0.6741536458333334 0.4988425925925926 0.022786458333333332 0.05555555555555555
11 0.5745442708333334 0.42766203703703703 0.011067708333333334 0.02662037037037037
11 0.5865885416666666 0.42766203703703703 0.013020833333333334 0.02662037037037037
11 0.59765625 0.42650462962962965 0.01171875 0.02662037037037037
11 0.6083984375 0.42650462962962965 0.012369791666666666 0.02662037037037037
11 0.619140625 0.4241898148148148 0.010416666666666666 0.02662037037037037
11 0.67578125 0.4201388888888889 0.010416666666666666 0.027777777777777776
12 0.6380208333333334 0.44907407407407407 0.26953125 0.2962962962962963