12 0.51025390625 0.3001302083333333 0.3154296875 0.18098958333333334
11 0.5927734375 0.244140625 0.015625 0.03515625
11 0.623046875 0.28515625 0.017578125 0.041666666666666664
11 0.607421875 0.2877604166666667 0.0078125 0.036458333333333336
11 0.5908203125 0.2858072916666667 0.013671875 0.037760416666666664
11 0.57666015625 0.2838541666666667 0.0126953125 0.036458333333333336
11 0.609375 0.25 0.015625 0.0234375
11 0.6201171875 0.3450520833333333 0.025390625 0.0390625
11 0.52587890625 0.345703125 0.0224609375 0.040364583333333336
0 0.5263671875 0.296875 0.01171875 0.020833333333333332
1 0.5419921875 0.2630208333333333 0.02734375 0.06510416666666667
1 0.51123046875 0.2623697916666667 0.0302734375 0.06640625