11 0.599609375 0.5199652777777778 0.005859375 0.019097222222222224
12 0.5732421875 0.5286458333333334 0.181640625 0.140625
4 0.56787109375 0.5286458333333334 0.0107421875 0.03298611111111111
4 0.57958984375 0.5269097222222222 0.0107421875 0.03298611111111111
4 0.5908203125 0.5269097222222222 0.01171875 0.03298611111111111
1 0.49853515625 0.5303819444444444 0.0107421875 0.03298611111111111
2 0.576171875 0.4904513888888889 0.01171875 0.036458333333333336
10 0.5546875 0.5703125 0.013671875 0.036458333333333336
6 0.5732421875 0.5685763888888888 0.01171875 0.036458333333333336
6 0.5166015625 0.5772569444444444 0.009765625 0.026041666666666668
5 0.58544921875 0.5677083333333334 0.0146484375 0.034722222222222224
3 0.5439453125 0.5295138888888888 0.01171875 0.03125
8 0.55615234375 0.5277777777777778 0.0107421875 0.03125
11 0.529296875 0.5772569444444444 0.0078125 0.026041666666666668
11 0.521484375 0.4930555555555556 0.01171875 0.034722222222222224
11 0.53369140625 0.4973958333333333 0.0107421875 0.026041666666666668
11 0.5439453125 0.4930555555555556 0.009765625 0.034722222222222224
11 0.5966796875 0.4904513888888889 0.01171875 0.036458333333333336
11 0.60791015625 0.4930555555555556 0.0107421875 0.027777777777777776
11 0.62060546875 0.4921875 0.0126953125 0.029513888888888888
11 0.56396484375 0.5694444444444444 0.0048828125 0.027777777777777776
11 0.6064453125 0.5208333333333334 0.0078125 0.013888888888888888