9 0.5295652173913044 0.35595703125 0.019130434782608695 0.0166015625
12 0.48782608695652174 0.376953125 0.2417391304347826 0.076171875
3 0.44173913043478263 0.353515625 0.020869565217391306 0.017578125
4 0.46347826086956523 0.35400390625 0.019130434782608695 0.0166015625
4 0.508695652173913 0.35498046875 0.019130434782608695 0.0185546875
4 0.5521739130434783 0.3564453125 0.019130434782608695 0.017578125
4 0.4747826086956522 0.39453125 0.020869565217391306 0.01953125
4 0.3939130434782609 0.3916015625 0.019130434782608695 0.017578125
6 0.4860869565217391 0.3544921875 0.019130434782608695 0.017578125
6 0.5278260869565218 0.39501953125 0.019130434782608695 0.0185546875
5 0.5060869565217392 0.39404296875 0.020869565217391306 0.0166015625
11 0.49043478260869566 0.39501953125 0.006956521739130435 0.0126953125
11 0.4365217391304348 0.36865234375 0.010434782608695653 0.0087890625
11 0.44782608695652176 0.36962890625 0.01217391304347826 0.0087890625
11 0.4591304347826087 0.3701171875 0.010434782608695653 0.01171875
11 0.46869565217391307 0.3701171875 0.008695652173913044 0.009765625
11 0.4808695652173913 0.37060546875 0.01217391304347826 0.0107421875
11 0.5347826086956522 0.37158203125 0.008695652173913044 0.0087890625
11 0.5495652173913044 0.37255859375 0.017391304347826087 0.0068359375