11 0.7607282184655396 0.0673828125 0.018205461638491547 0.025390625
11 0.31469440832249673 0.2841796875 0.031209362808842653 0.025390625
11 0.28218465539661897 0.2861328125 0.031209362808842653 0.02734375
11 0.2483745123537061 0.28759765625 0.031209362808842653 0.0263671875
6 0.6085825747724317 0.330078125 0.0754226267880364 0.0703125
9 0.7158647594278283 0.32373046875 0.07932379713914174 0.0693359375
9 0.5052015604681405 0.33544921875 0.08192457737321196 0.0712890625
1 0.3972691807542263 0.3427734375 0.08452535760728218 0.072265625
4 0.2886866059817945 0.34912109375 0.08322496749024708 0.0712890625
1 0.48439531859557866 0.1640625 0.13914174252275682 0.12109375
11 0.8478543563068921 0.064453125 0.02340702210663199 0.025390625
11 0.8185955786736021 0.06494140625 0.0247074122236671 0.0244140625
10 0.8068920676202861 0.15185546875 0.12093628088426528 0.1123046875
2 0.3751625487646294 0.16845703125 0.04811443433029909 0.1142578125
12 0.48049414824447334 0.25146484375 0.9375812743823146 0.5029296875
11 0.7893368010403121 0.06591796875 0.02860858257477243 0.0224609375
3 0.6644993498049415 0.15673828125 0.1352405721716515 0.1162109375
11 0.24122236671001301 0.09130859375 0.045513654096228866 0.0361328125
11 0.735370611183355 0.0673828125 0.027308192457737322 0.0234375