1 0.5325 0.5890625 0.03833333333333333 0.045625
12 0.4895833333333333 0.5421875 0.5075 0.156875
5 0.48083333333333333 0.5375 0.035 0.03625
5 0.40875 0.538125 0.0325 0.03625
6 0.4925 0.59 0.03833333333333333 0.045
8 0.5058333333333334 0.4925 0.035 0.0425
6 0.4404166666666667 0.5890625 0.03916666666666667 0.046875
2 0.55625 0.5390625 0.0175 0.038125
11 0.4658333333333333 0.5921875 0.016666666666666666 0.035625
11 0.5729166666666666 0.529375 0.0175 0.02
11 0.5933333333333334 0.53125 0.025 0.0175
11 0.3433333333333333 0.491875 0.03333333333333333 0.04125
11 0.37666666666666665 0.4978125 0.03166666666666667 0.033125
11 0.40958333333333335 0.498125 0.034166666666666665 0.03375
11 0.6008333333333333 0.4965625 0.03166666666666667 0.031875
11 0.6354166666666666 0.4971875 0.0325 0.034375
2 0.41083333333333333 0.5884375 0.016666666666666666 0.040625
4 0.445 0.5371875 0.03333333333333333 0.040625
3 0.5145833333333333 0.536875 0.0325 0.04
11 0.5670833333333334 0.4921875 0.034166666666666665 0.041875
3 0.47291666666666665 0.4921875 0.030833333333333334 0.041875
3 0.37333333333333335 0.5409375 0.035 0.040625