11 0.4965277777777778 0.4248046875 0.017361111111111112 0.0078125
2 0.4097222222222222 0.4091796875 0.010416666666666666 0.015625
2 0.4210069444444444 0.44287109375 0.012152777777777778 0.0166015625
7 0.4244791666666667 0.40966796875 0.019097222222222224 0.0166015625
7 0.4618055555555556 0.4091796875 0.017361111111111112 0.017578125
8 0.4427083333333333 0.40966796875 0.017361111111111112 0.0166015625
8 0.4348958333333333 0.44189453125 0.015625 0.0185546875
4 0.4791666666666667 0.41015625 0.017361111111111112 0.017578125
5 0.4982638888888889 0.41064453125 0.020833333333333332 0.0146484375
6 0.4609375 0.44287109375 0.019097222222222224 0.0185546875
9 0.4817708333333333 0.443359375 0.022569444444444444 0.017578125
11 0.4479166666666667 0.4423828125 0.006944444444444444 0.01171875
11 0.4010416666666667 0.421875 0.010416666666666666 0.009765625
11 0.4114583333333333 0.42236328125 0.010416666666666666 0.0087890625
11 0.4210069444444444 0.42236328125 0.008680555555555556 0.0068359375
11 0.4296875 0.42333984375 0.008680555555555556 0.0087890625
11 0.4383680555555556 0.42333984375 0.008680555555555556 0.0087890625
11 0.4826388888888889 0.42333984375 0.010416666666666666 0.0087890625
12 0.4487847222222222 0.42822265625 0.2204861111111111 0.0771484375