11 0.59125 0.2333815028901734 0.0225 0.06791907514450866
11 0.37 0.1972543352601156 0.02 0.06791907514450866
11 0.3309375 0.24927745664739884 0.011875 0.04190751445086705
11 0.3421875 0.2550578034682081 0.014375 0.04190751445086705
11 0.3571875 0.25722543352601157 0.011875 0.046242774566473986
11 0.3665625 0.25939306358381503 0.010625 0.0476878612716763
2 0.504375 0.11416184971098266 0.02625 0.1416184971098266
1 0.526875 0.35621387283236994 0.03125 0.1199421965317919
2 0.5465625 0.11416184971098266 0.028125 0.1329479768786127
1 0.435625 0.09465317919075145 0.0425 0.13728323699421965
5 0.458125 0.3403179190751445 0.03375 0.10260115606936417
7 0.421875 0.33959537572254334 0.03 0.11560693641618497
8 0.3925 0.33164739884393063 0.02625 0.10838150289017341
8 0.498125 0.34826589595375723 0.03125 0.1329479768786127
2 0.4059375 0.08742774566473989 0.029375 0.13439306358381503
12 0.4653125 0.2434971098265896 0.335625 0.4869942196531792