11 0.635706340378198 0.4155722326454034 0.01668520578420467 0.01938711694809256
11 0.6557285873192435 0.4174484052532833 0.01668520578420467 0.014383989993746092
1 0.5634037819799778 0.41588492808005 0.018909899888765295 0.01876172607879925
1 0.6006674082313682 0.41588492808005 0.017797552836484983 0.017510944340212633
8 0.5300333704115684 0.43621013133208253 0.018909899888765295 0.016885553470919325
7 0.5600667408231368 0.45872420262664165 0.021134593993325918 0.01938711694809256
10 0.4888765294771969 0.4371482176360225 0.014460511679644048 0.017510944340212633
1 0.5689655172413793 0.43621013133208253 0.018909899888765295 0.015634771732332707
3 0.5083426028921023 0.43683552220137584 0.017797552836484983 0.016885553470919325
2 0.47552836484983313 0.43683552220137584 0.010011123470522803 0.015634771732332707
2 0.5111234705228032 0.45934959349593496 0.010011123470522803 0.01813633520950594
2 0.4911012235817575 0.4596622889305816 0.012235817575083427 0.01876172607879925
4 0.5367074527252503 0.4596622889305816 0.018909899888765295 0.020012507817385866
4 0.5483870967741935 0.4365228267667292 0.01557285873192436 0.016260162601626018
11 0.5773081201334817 0.42182614133833646 0.008898776418242492 0.0068792995622263915
11 0.4660734149054505 0.4230769230769231 0.011123470522803115 0.0068792995622263915
11 0.4510567296996663 0.41901188242651655 0.018909899888765295 0.0150093808630394
11 0.41379310344827586 0.41776110068792993 0.020022246941045607 0.020012507817385866
11 0.5216907675194661 0.45872420262664165 0.008898776418242492 0.014383989993746092
11 0.5828698553948832 0.4318323952470294 0.008898776418242492 0.009380863039399626
11 0.5945494994438265 0.433083176985616 0.014460511679644048 0.0068792995622263915
12 0.53559510567297 0.4377736085053158 0.29699666295884314 0.06879299562226392