11 0.60875 0.25125 0.0175 0.0225
0 0.5265625 0.2975 0.008125 0.013333333333333334
1 0.541875 0.26375 0.02875 0.06583333333333333
1 0.5109375 0.26375 0.030625 0.06583333333333333
11 0.590625 0.245 0.015 0.03333333333333333
11 0.61875 0.34541666666666665 0.02375 0.0375
11 0.5265625 0.34458333333333335 0.023125 0.0375
11 0.6225 0.28583333333333333 0.02 0.03833333333333333
11 0.6075 0.28625 0.01 0.035833333333333335
11 0.5925 0.28583333333333333 0.0175 0.03666666666666667
11 0.5765625 0.285 0.015625 0.03833333333333333
12 0.51375 0.30291666666666667 0.33875 0.16916666666666666