11 0.4627777777777778 0.4903125 0.014444444444444444 0.006875
0 0.5172222222222222 0.485625 0.005555555555555556 0.005
3 0.43944444444444447 0.5034375 0.023333333333333334 0.018125
2 0.4222222222222222 0.5025 0.008888888888888889 0.01625
1 0.46444444444444444 0.5040625 0.022222222222222223 0.018125
1 0.5288888888888889 0.4784375 0.02 0.015625
5 0.5072222222222222 0.476875 0.01888888888888889 0.015
6 0.48944444444444446 0.5053125 0.021111111111111112 0.018125
9 0.485 0.476875 0.01888888888888889 0.01625
11 0.45111111111111113 0.4890625 0.008888888888888889 0.009375
4 0.515 0.505625 0.021111111111111112 0.0175
4 0.5394444444444444 0.506875 0.021111111111111112 0.0175
12 0.4772222222222222 0.4928125 0.17 0.059375