11 0.21788194444444445 0.47802734375 0.029513888888888888 0.0263671875
5 0.4730902777777778 0.4345703125 0.050347222222222224 0.0390625
4 0.4253472222222222 0.435546875 0.041666666666666664 0.046875
6 0.5303819444444444 0.43212890625 0.057291666666666664 0.0458984375
0 0.5026041666666666 0.44873046875 0.012152777777777778 0.0166015625
1 0.15885416666666666 0.5361328125 0.05381944444444445 0.05078125
11 0.4904513888888889 0.47314453125 0.029513888888888888 0.0283203125
11 0.5269097222222222 0.474609375 0.043402777777777776 0.01953125
7 0.4939236111111111 0.52783203125 0.06076388888888889 0.0517578125
2 0.3776041666666667 0.53173828125 0.036458333333333336 0.0517578125
3 0.3081597222222222 0.533203125 0.0642361111111111 0.056640625
2 0.453125 0.52978515625 0.024305555555555556 0.0537109375
2 0.3854166666666667 0.4365234375 0.03125 0.044921875
11 0.1953125 0.47900390625 0.015625 0.0263671875
11 0.171875 0.478515625 0.024305555555555556 0.025390625
12 0.3932291666666667 0.49609375 0.6371527777777778 0.22265625
11 0.14322916666666666 0.48046875 0.029513888888888888 0.025390625