12 0.54 0.80375 0.48 0.2775
1 0.5278125 0.7945833333333333 0.029375 0.060833333333333336
1 0.3475 0.8020833333333334 0.02875 0.059166666666666666
3 0.6653125 0.7158333333333333 0.029375 0.06666666666666667
3 0.575625 0.8725 0.03125 0.06666666666666667
3 0.54125 0.8745833333333334 0.0325 0.07083333333333333
10 0.4953125 0.8775 0.035625 0.07166666666666667
10 0.63625 0.7158333333333333 0.02875 0.065
11 0.3496875 0.73125 0.029375 0.07083333333333333
0 0.6890625 0.7375 0.019375 0.028333333333333332
11 0.63 0.7791666666666667 0.02125 0.02666666666666667
11 0.6115625 0.7775 0.014375 0.03333333333333333
11 0.525625 0.7208333333333333 0.03125 0.065
11 0.494375 0.7233333333333334 0.02875 0.06833333333333333
11 0.4384375 0.7258333333333333 0.030625 0.07
11 0.4084375 0.72625 0.028125 0.06916666666666667
11 0.38 0.7279166666666667 0.0275 0.06916666666666667
7 0.466875 0.7970833333333334 0.0275 0.060833333333333336
6 0.5896875 0.79125 0.025625 0.059166666666666666
5 0.4978125 0.7970833333333334 0.029375 0.05583333333333333
2 0.568125 0.7929166666666667 0.01125 0.0575
2 0.44625 0.79875 0.0125 0.05416666666666667
2 0.470625 0.8795833333333334 0.01125 0.0625
1 0.7228125 0.7141666666666666 0.031875 0.06833333333333333