7 0.41323692992213573 0.47435897435897434 0.01668520578420467 0.015634771732332707
5 0.43047830923248054 0.4740462789243277 0.017797552836484983 0.013758599124452783
8 0.44938820912124583 0.4740462789243277 0.01557285873192436 0.0150093808630394
3 0.46774193548387094 0.4740462789243277 0.018909899888765295 0.016260162601626018
12 0.45773081201334814 0.47435897435897434 0.25917686318131256 0.06191369606003752
0 0.5422691879866518 0.4606003752345216 0.010011123470522803 0.0068792995622263915
10 0.5111234705228032 0.45528455284552843 0.018909899888765295 0.01876172607879925
1 0.5628476084538376 0.4562226391494684 0.020022246941045607 0.01938711694809256
1 0.45550611790878753 0.49437148217636023 0.021134593993325918 0.01938711694809256
2 0.41546162402669634 0.49437148217636023 0.012235817575083427 0.01813633520950594
2 0.43548387096774194 0.49437148217636023 0.010011123470522803 0.01813633520950594
11 0.37875417130144606 0.45747342088805504 0.014460511679644048 0.01813633520950594
2 0.39988876529477196 0.47498436522826765 0.00778642936596218 0.016885553470919325
2 0.4888765294771969 0.47435897435897434 0.00778642936596218 0.015634771732332707
3 0.47664071190211343 0.4937460913070669 0.018909899888765295 0.01813633520950594
3 0.5289210233592881 0.4555972482801751 0.01668520578420467 0.01813633520950594
11 0.4471635150166852 0.4562226391494684 0.020022246941045607 0.016885553470919325
11 0.5088987764182424 0.4709193245778612 0.014460511679644048 0.0075046904315197
11 0.39543937708565075 0.45716072545340836 0.01668520578420467 0.016260162601626018
11 0.4972191323692992 0.47029393370856787 0.008898776418242492 0.008755472170106316
11 0.42602892102335926 0.4562226391494684 0.01557285873192436 0.016885553470919325
11 0.3448275862068966 0.45747342088805504 0.017797552836484983 0.016885553470919325
11 0.3620689655172414 0.45778611632270166 0.01668520578420467 0.017510944340212633