11 0.5162760416666666 0.36669921875 0.006510416666666667 0.0068359375
4 0.5006510416666666 0.38818359375 0.014322916666666666 0.0185546875
2 0.4850260416666667 0.38916015625 0.006510416666666667 0.0166015625
8 0.515625 0.38671875 0.015625 0.017578125
8 0.5123697916666666 0.35302734375 0.01171875 0.0126953125
10 0.4973958333333333 0.35400390625 0.013020833333333334 0.0146484375
5 0.4837239583333333 0.35498046875 0.014322916666666666 0.0126953125
7 0.4694010416666667 0.35546875 0.014322916666666666 0.015625
3 0.525390625 0.35302734375 0.01171875 0.0146484375
3 0.4654947916666667 0.39013671875 0.016927083333333332 0.0185546875
11 0.490234375 0.388671875 0.006510416666666667 0.01171875
11 0.5247395833333334 0.3671875 0.010416666666666666 0.005859375
11 0.4817708333333333 0.369140625 0.0078125 0.0078125
11 0.474609375 0.36962890625 0.006510416666666667 0.0068359375
11 0.4674479166666667 0.36962890625 0.0078125 0.0068359375
11 0.4609375 0.3701171875 0.0078125 0.0078125
11 0.4524739583333333 0.37060546875 0.006510416666666667 0.0068359375
12 0.4895833333333333 0.37548828125 0.16927083333333334 0.0810546875