12 0.44928478543563066 0.38125 0.3472041612483745 0.095
10 0.4343302990897269 0.4090625 0.02600780234070221 0.023125
3 0.4668400520156047 0.4096875 0.02600780234070221 0.023125
3 0.49024707412223667 0.385 0.02600780234070221 0.01875
3 0.5188556566970091 0.385625 0.02600780234070221 0.01875
3 0.37451235370611186 0.38375 0.02600780234070221 0.01875
9 0.40377113133940185 0.3840625 0.0247074122236671 0.018125
6 0.4986996098829649 0.4103125 0.0247074122236671 0.023125
5 0.43302990897269183 0.3840625 0.02340702210663199 0.018125
4 0.46228868660598177 0.384375 0.0247074122236671 0.01875
11 0.45123537061118335 0.4090625 0.007802340702210663 0.010625