12 0.4226267880364109 0.40625 0.31209362808842656 0.0825
3 0.40507152145643693 0.4309375 0.0247074122236671 0.019375
3 0.34980494148244473 0.4071875 0.02340702210663199 0.015625
3 0.4837451235370611 0.4103125 0.02340702210663199 0.015625
2 0.4434330299089727 0.4321875 0.010403120936280884 0.018125
6 0.40377113133940185 0.4084375 0.022106631989596878 0.015625
6 0.43107932379713915 0.4090625 0.022106631989596878 0.015625
8 0.46749024707412223 0.4325 0.01950585175552666 0.02
3 0.3751625487646294 0.430625 0.0247074122236671 0.02
9 0.37711313394018203 0.4078125 0.02340702210663199 0.015625
9 0.4564369310793238 0.4096875 0.02340702210663199 0.015625