12 0.4019097222222222 0.59375 0.15104166666666666 0.18359375
11 0.4427083333333333 0.5654296875 0.03819444444444445 0.01171875
11 0.4418402777777778 0.619140625 0.036458333333333336 0.01171875
11 0.4409722222222222 0.54248046875 0.03819444444444445 0.0126953125
11 0.4375 0.63134765625 0.027777777777777776 0.0107421875
11 0.4383680555555556 0.55419921875 0.026041666666666668 0.0107421875
8 0.3645833333333333 0.60693359375 0.03819444444444445 0.0146484375
7 0.4053819444444444 0.61181640625 0.03298611111111111 0.0107421875
9 0.4045138888888889 0.5771484375 0.034722222222222224 0.01171875
2 0.4045138888888889 0.60302734375 0.03125 0.0068359375
2 0.4036458333333333 0.591796875 0.03298611111111111 0.0078125
2 0.3619791666666667 0.56494140625 0.036458333333333336 0.0068359375
2 0.3567708333333333 0.52978515625 0.029513888888888888 0.0048828125
3 0.3576388888888889 0.537109375 0.027777777777777776 0.009765625
3 0.4045138888888889 0.56494140625 0.03125 0.0126953125
10 0.3619791666666667 0.57470703125 0.03993055555555555 0.0126953125
10 0.4418402777777778 0.59765625 0.036458333333333336 0.013671875
1 0.3619791666666667 0.59326171875 0.03993055555555555 0.0126953125
1 0.4045138888888889 0.51904296875 0.03125 0.0126953125
11 0.3567708333333333 0.54931640625 0.029513888888888888 0.0087890625
11 0.4105902777777778 0.62744140625 0.015625 0.0087890625
11 0.4123263888888889 0.6201171875 0.019097222222222224 0.005859375
11 0.3628472222222222 0.583984375 0.027777777777777776 0.00390625
11 0.4383680555555556 0.642578125 0.029513888888888888 0.01171875