8 0.5972584856396866 0.70654296875 0.04046997389033943 0.0478515625
12 0.5476501305483029 0.654296875 0.6018276762402088 0.2109375
10 0.49216710182767626 0.70947265625 0.0391644908616188 0.0478515625
10 0.36357702349869453 0.7197265625 0.03263707571801567 0.03515625
10 0.6122715404699739 0.64794921875 0.03655352480417755 0.0419921875
6 0.5737597911227154 0.64892578125 0.037859007832898174 0.0419921875
4 0.5345953002610966 0.64990234375 0.03524804177545692 0.0419921875
6 0.4941253263707572 0.65087890625 0.037859007832898174 0.0419921875
2 0.564621409921671 0.7080078125 0.016971279373368148 0.04296875
2 0.4601827676240209 0.71142578125 0.016971279373368148 0.0439453125
2 0.4660574412532637 0.65185546875 0.015665796344647518 0.0380859375
2 0.42689295039164493 0.65234375 0.015665796344647518 0.041015625
2 0.5620104438642297 0.59716796875 0.02741514360313316 0.0458984375
3 0.5261096605744126 0.59814453125 0.0391644908616188 0.0458984375
11 0.52088772845953 0.70947265625 0.018276762402088774 0.0322265625
11 0.40600522193211486 0.71875 0.028720626631853787 0.033203125
11 0.6403394255874674 0.6376953125 0.016971279373368148 0.021484375
11 0.6651436031331592 0.6396484375 0.030026109660574413 0.015625
11 0.7095300261096605 0.60009765625 0.037859007832898174 0.0361328125
11 0.6723237597911227 0.6005859375 0.03655352480417755 0.03515625
11 0.6357702349869452 0.5947265625 0.04177545691906005 0.048828125
11 0.45234986945169714 0.60546875 0.03524804177545692 0.037109375
11 0.4171018276762402 0.6015625 0.037859007832898174 0.048828125
11 0.379242819843342 0.60205078125 0.04308093994778068 0.0498046875