12 0.6630859375 0.6569010416666666 0.220703125 0.12890625
3 0.6611328125 0.6920572916666666 0.015625 0.032552083333333336
6 0.6669921875 0.6184895833333334 0.013671875 0.03125
7 0.65576171875 0.65234375 0.0126953125 0.026041666666666668
8 0.67041015625 0.65234375 0.0126953125 0.026041666666666668
9 0.6259765625 0.6529947916666666 0.013671875 0.02734375
1 0.638671875 0.6920572916666666 0.015625 0.032552083333333336
2 0.62841796875 0.6927083333333334 0.0068359375 0.028645833333333332
2 0.6162109375 0.6529947916666666 0.005859375 0.024739583333333332
3 0.65283203125 0.6184895833333334 0.0126953125 0.03125
5 0.68408203125 0.6529947916666666 0.0126953125 0.024739583333333332
5 0.677734375 0.6920572916666666 0.015625 0.029947916666666668
10 0.640625 0.6529947916666666 0.013671875 0.02734375
11 0.650390625 0.6920572916666666 0.0078125 0.022135416666666668
11 0.6953125 0.6471354166666666 0.005859375 0.015625
11 0.70361328125 0.6477864583333334 0.0107421875 0.01171875
11 0.693359375 0.619140625 0.013671875 0.032552083333333336
11 0.70751953125 0.6223958333333334 0.0126953125 0.0234375
11 0.720703125 0.6223958333333334 0.013671875 0.0234375
11 0.59912109375 0.6184895833333334 0.0126953125 0.03125
11 0.61279296875 0.623046875 0.0126953125 0.022135416666666668
11 0.626953125 0.6204427083333334 0.013671875 0.02734375