1 0.492769744160178 0.483739837398374 0.01557285873192436 0.016885553470919325
12 0.43659621802002224 0.5037523452157598 0.26362625139043383 0.066916823014384
2 0.39988876529477196 0.5212632895559725 0.010011123470522803 0.016885553470919325
2 0.41879866518353726 0.5212632895559725 0.00778642936596218 0.01938711694809256
2 0.38542825361512795 0.5031269543464666 0.00778642936596218 0.015634771732332707
2 0.47664071190211343 0.48467792370231394 0.012235817575083427 0.016260162601626018
1 0.5406006674082313 0.48405253283302063 0.017797552836484983 0.020012507817385866
8 0.5077864293659622 0.4843652282676673 0.014460511679644048 0.016885553470919325
7 0.39655172413793105 0.5015634771732332 0.014460511679644048 0.0150093808630394
5 0.41434927697441604 0.50187617260788 0.01668520578420467 0.013133208255159476
4 0.44938820912124583 0.5015634771732332 0.013348164627363738 0.0150093808630394
3 0.43103448275862066 0.5015634771732332 0.014460511679644048 0.0150093808630394
3 0.4371523915461624 0.5228267667292058 0.01557285873192436 0.017510944340212633
0 0.5205784204671857 0.4890556597873671 0.011123470522803115 0.008755472170106316
11 0.3331479421579533 0.48530331457160725 0.014460511679644048 0.016260162601626018
11 0.34872080088987767 0.48561601000625393 0.014460511679644048 0.016885553470919325
11 0.36484983314794217 0.48530331457160725 0.013348164627363738 0.016260162601626018
11 0.3809788654060067 0.48530331457160725 0.014460511679644048 0.016260162601626018
11 0.39543937708565075 0.48530331457160725 0.014460511679644048 0.017510944340212633
11 0.41268075639599555 0.4843652282676673 0.01557285873192436 0.015634771732332707
11 0.4888765294771969 0.49906191369606 0.014460511679644048 0.006253908692933083
11 0.4771968854282536 0.4984365228267667 0.008898776418242492 0.0075046904315197
10 0.46551724137931033 0.5021888680425266 0.014460511679644048 0.0150093808630394
10 0.457174638487208 0.5222013758599124 0.020022246941045607 0.017510944340212633