1 0.43882091212458285 0.483739837398374 0.018909899888765295 0.015634771732332707
1 0.5378197997775306 0.5050031269543465 0.02335928809788654 0.01938711694809256
2 0.5055617352614016 0.482801751094434 0.00778642936596218 0.0150093808630394
10 0.5200222469410456 0.482801751094434 0.018909899888765295 0.016260162601626018
3 0.5406006674082313 0.4821763602251407 0.020022246941045607 0.017510944340212633
3 0.5617352614015573 0.4818636647904941 0.020022246941045607 0.016885553470919325
9 0.5828698553948832 0.4818636647904941 0.020022246941045607 0.016885553470919325
6 0.603448275862069 0.4818636647904941 0.018909899888765295 0.016885553470919325
6 0.5695216907675195 0.5050031269543465 0.02224694104560623 0.01938711694809256
2 0.5222469410456062 0.5059412132582864 0.00778642936596218 0.017510944340212633
6 0.5934371523915462 0.5046904315196998 0.02335928809788654 0.01876172607879925
1 0.6362625139043382 0.4606003752345216 0.020022246941045607 0.01938711694809256
11 0.44160177975528364 0.4640400250156348 0.020022246941045607 0.01876172607879925
11 0.6952169076751946 0.46216385240775487 0.020022246941045607 0.0150093808630394
11 0.6740823136818688 0.45997498436522827 0.017797552836484983 0.01938711694809256
11 0.48053392658509453 0.4649781113195747 0.020022246941045607 0.014383989993746092
11 0.553392658509455 0.5053158223889931 0.00778642936596218 0.012507817385866166
0 0.6123470522803115 0.46685428392745465 0.010011123470522803 0.0068792995622263915
0 0.4955506117908788 0.46841776110068795 0.010011123470522803 0.0075046904315197
1 0.5973303670745272 0.4612257661038149 0.020022246941045607 0.01938711694809256
12 0.5723025583982202 0.48467792370231394 0.3236929922135706 0.08130081300813008
11 0.6307007786429366 0.4781113195747342 0.01557285873192436 0.0068792995622263915
11 0.6190211345939933 0.47779862414008756 0.010011123470522803 0.008755472170106316