11 0.09041666666666667 0.4928125 0.020833333333333332 0.009375
11 0.09833333333333333 0.4775 0.023333333333333334 0.02125
11 0.10416666666666667 0.4565625 0.03 0.020625
11 0.12666666666666668 0.50875 0.021666666666666667 0.015
11 0.13375 0.4934375 0.024166666666666666 0.015625
11 0.14125 0.473125 0.0225 0.0225
11 0.14791666666666667 0.44875 0.024166666666666666 0.02375
11 0.11708333333333333 0.52625 0.020833333333333332 0.02125
11 0.5966666666666667 0.22375 0.028333333333333332 0.02
11 0.60375 0.2009375 0.025833333333333333 0.024375
11 0.44416666666666665 0.278125 0.04833333333333333 0.0325
11 0.4625 0.2475 0.03833333333333333 0.04375
11 0.46625 0.218125 0.0375 0.0325
11 0.4766666666666667 0.200625 0.04666666666666667 0.035
11 0.44333333333333336 0.5575 0.03 0.02375
11 0.45458333333333334 0.5390625 0.030833333333333334 0.029375
11 0.46541666666666665 0.5215625 0.0225 0.015625
11 0.4675 0.5065625 0.025 0.026875
2 0.4775 0.4921875 0.02666666666666667 0.016875
2 0.16041666666666668 0.3903125 0.05416666666666667 0.026875
2 0.185 0.3103125 0.06 0.026875
1 0.17125 0.355625 0.0675 0.0475
11 0.17541666666666667 0.2859375 0.034166666666666665 0.019375
11 0.18458333333333332 0.261875 0.0325 0.03
11 0.08666666666666667 0.503125 0.025 0.01375
12 0.3545833333333333 0.3928125 0.7075 0.615625
0 0.58375 0.27625 0.014166666666666666 0.00875
1 0.5691666666666667 0.245625 0.06333333333333334 0.05
1 0.55 0.284375 0.06166666666666667 0.04625
1 0.35208333333333336 0.329375 0.2075 0.16875