5 0.43383947939262474 0.45947265625 0.008676789587852495 0.0068359375
4 0.44577006507592193 0.45947265625 0.010845986984815618 0.0068359375
4 0.38286334056399135 0.4755859375 0.010845986984815618 0.0078125
4 0.42190889370932755 0.47509765625 0.010845986984815618 0.0087890625
3 0.4370932754880694 0.47509765625 0.010845986984815618 0.0087890625
1 0.4490238611713666 0.474609375 0.013015184381778741 0.0078125
3 0.40997830802603036 0.4755859375 0.013015184381778741 0.0078125
6 0.4240780911062907 0.4599609375 0.010845986984815618 0.0078125
10 0.455531453362256 0.45947265625 0.008676789587852495 0.0068359375
7 0.4121475054229935 0.45947265625 0.013015184381778741 0.0068359375
12 0.42516268980477223 0.46923828125 0.12147505422993492 0.0322265625