2 0.5138888888888888 0.47265625 0.020833333333333332 0.033203125
10 0.4565972222222222 0.47314453125 0.04513888888888889 0.0380859375
10 0.5147569444444444 0.55712890625 0.05381944444444445 0.0478515625
0 0.5295138888888888 0.48583984375 0.013888888888888888 0.0107421875
5 0.5512152777777778 0.4716796875 0.050347222222222224 0.03515625
3 0.3428819444444444 0.5595703125 0.05381944444444445 0.046875
3 0.4618055555555556 0.5576171875 0.052083333333333336 0.046875
1 0.3967013888888889 0.5595703125 0.057291666666666664 0.046875
11 0.5164930555555556 0.50634765625 0.026041666666666668 0.0244140625
11 0.5477430555555556 0.50732421875 0.036458333333333336 0.0185546875
12 0.4201388888888889 0.52294921875 0.5451388888888888 0.1806640625
11 0.203125 0.51171875 0.027777777777777776 0.0234375
11 0.2708333333333333 0.5107421875 0.024305555555555556 0.0234375
11 0.2508680555555556 0.5107421875 0.012152777777777778 0.025390625
2 0.421875 0.47412109375 0.020833333333333332 0.0341796875
11 0.2309027777777778 0.5107421875 0.027777777777777776 0.0234375