9 0.601980198019802 0.4951171875 0.027722772277227723 0.021484375
2 0.5158415841584159 0.51611328125 0.009900990099009901 0.0166015625
10 0.5346534653465347 0.51513671875 0.019801980198019802 0.0166015625
4 0.5584158415841585 0.51513671875 0.019801980198019802 0.0166015625
1 0.6099009900990099 0.5146484375 0.019801980198019802 0.015625
3 0.4871287128712871 0.51513671875 0.019801980198019802 0.0146484375
3 0.5841584158415841 0.5146484375 0.019801980198019802 0.015625
4 0.5633663366336633 0.4951171875 0.02574257425742574 0.021484375
10 0.5257425742574258 0.49609375 0.02574257425742574 0.021484375
0 0.5821782178217821 0.50341796875 0.007920792079207921 0.0048828125
12 0.5475247524752476 0.5029296875 0.18415841584158416 0.046875