5 0.47739130434782606 0.525390625 0.05391304347826087 0.03125
5 0.2530434782608696 0.54736328125 0.02608695652173913 0.0146484375
1 0.2634782608695652 0.53955078125 0.02608695652173913 0.0126953125
1 0.32869565217391306 0.5107421875 0.02434782608695652 0.013671875
6 0.31478260869565217 0.51806640625 0.02434782608695652 0.0146484375
12 0.37478260869565216 0.58349609375 0.27652173913043476 0.1591796875
10 0.42695652173913046 0.5419921875 0.05391304347826087 0.029296875
4 0.35391304347826086 0.58544921875 0.06782608695652174 0.0283203125
6 0.3191304347826087 0.607421875 0.05391304347826087 0.029296875
1 0.39217391304347826 0.5634765625 0.050434782608695654 0.02734375
1 0.2817391304347826 0.6318359375 0.059130434782608696 0.02734375