11 0.4869791666666667 0.5439453125 0.010416666666666666 0.013671875
11 0.4563802083333333 0.5029296875 0.016927083333333332 0.021484375
11 0.474609375 0.50048828125 0.01953125 0.0224609375
11 0.43359375 0.51025390625 0.028645833333333332 0.0166015625
11 0.408203125 0.5126953125 0.01953125 0.021484375
11 0.23111979166666666 0.591796875 0.01953125 0.015625
11 0.21549479166666666 0.59423828125 0.009114583333333334 0.0146484375
11 0.20052083333333334 0.5966796875 0.020833333333333332 0.013671875
11 0.17903645833333334 0.599609375 0.01953125 0.015625
8 0.4348958333333333 0.544921875 0.0234375 0.021484375
8 0.201171875 0.44140625 0.037760416666666664 0.03125
5 0.244140625 0.435546875 0.037760416666666664 0.02734375
5 0.28125 0.43017578125 0.033854166666666664 0.0244140625
1 0.46484375 0.5419921875 0.026041666666666668 0.02734375
6 0.4016927083333333 0.5546875 0.032552083333333336 0.029296875
11 0.3111979166666667 0.419921875 0.018229166666666668 0.013671875
2 0.24739583333333334 0.5888671875 0.0078125 0.01953125
12 0.2936197916666667 0.53076171875 0.5872395833333334 0.2919921875
0 0.4485677083333333 0.55615234375 0.00390625 0.0068359375
11 0.5045572916666666 0.54150390625 0.022135416666666668 0.0107421875