9 0.5776762402088773 0.68603515625 0.04308093994778068 0.0458984375
0 0.40535248041775457 0.59619140625 0.0195822454308094 0.0166015625
1 0.47845953002610964 0.68603515625 0.04308093994778068 0.0458984375
11 0.31070496083550914 0.5810546875 0.03655352480417755 0.044921875
11 0.3779373368146214 0.5859375 0.037859007832898174 0.03515625
11 0.6233681462140992 0.62060546875 0.016971279373368148 0.0224609375
11 0.6455613577023499 0.6240234375 0.024804177545691905 0.015625
11 0.7212793733681462 0.58251953125 0.03263707571801567 0.0478515625
11 0.7610966057441253 0.58837890625 0.04177545691906005 0.0341796875
11 0.3975195822454308 0.6923828125 0.024804177545691905 0.033203125
2 0.3368146214099217 0.69189453125 0.02349869451697128 0.0322265625
2 0.36357702349869453 0.6923828125 0.014360313315926894 0.03125
2 0.4236292428198433 0.6298828125 0.024804177545691905 0.041015625
2 0.45822454308093996 0.6298828125 0.018276762402088774 0.0390625
9 0.5522193211488251 0.58203125 0.03655352480417755 0.044921875
6 0.5887728459530026 0.58203125 0.03655352480417755 0.046875
0 0.6148825065274152 0.5966796875 0.015665796344647518 0.017578125
7 0.6573107049608355 0.58251953125 0.037859007832898174 0.0478515625
7 0.4849869451697128 0.6298828125 0.03263707571801567 0.041015625
4 0.3028720626631854 0.62890625 0.03655352480417755 0.04296875
4 0.5339425587467362 0.685546875 0.0391644908616188 0.046875
10 0.5215404699738904 0.63037109375 0.03524804177545692 0.0419921875
8 0.5620104438642297 0.62939453125 0.03524804177545692 0.0400390625
2 0.606396866840731 0.6318359375 0.0195822454308094 0.0390625
3 0.43407310704960833 0.68505859375 0.037859007832898174 0.0478515625
12 0.5359007832898173 0.6357421875 0.5704960835509139 0.189453125