1 0.3040364583333333 0.5869140625 0.016927083333333332 0.01171875
6 0.3352864583333333 0.56591796875 0.016927083333333332 0.0146484375
1 0.2942708333333333 0.62890625 0.018229166666666668 0.01171875
1 0.3424479166666667 0.55712890625 0.018229166666666668 0.0107421875
7 0.3704427083333333 0.623046875 0.032552083333333336 0.0234375
12 0.3821614583333333 0.615234375 0.18619791666666666 0.146484375
7 0.3802083333333333 0.548828125 0.018229166666666668 0.01171875
6 0.3919270833333333 0.60009765625 0.0390625 0.0263671875
5 0.298828125 0.59423828125 0.014322916666666666 0.0107421875
5 0.4186197916666667 0.58056640625 0.03515625 0.0244140625
8 0.4290364583333333 0.5556640625 0.029947916666666668 0.01953125
1 0.33203125 0.669921875 0.036458333333333336 0.025390625
1 0.3515625 0.64794921875 0.036458333333333336 0.0244140625