8 0.42276422764227645 0.2919921875 0.02032520325203252 0.017578125
5 0.48272357723577236 0.291015625 0.026422764227642278 0.017578125
10 0.5132113821138211 0.29052734375 0.022357723577235773 0.0166015625
10 0.45223577235772355 0.2919921875 0.022357723577235773 0.017578125
3 0.3902439024390244 0.29248046875 0.024390243902439025 0.0185546875
3 0.42378048780487804 0.318359375 0.026422764227642278 0.0234375
3 0.4573170731707317 0.31787109375 0.028455284552845527 0.0244140625
2 0.49898373983739835 0.3173828125 0.01016260162601626 0.021484375
12 0.47560975609756095 0.29296875 0.35365853658536583 0.09765625
2 0.532520325203252 0.3173828125 0.012195121951219513 0.021484375
2 0.5508130081300813 0.29052734375 0.012195121951219513 0.0185546875