11 0.44549499443826474 0.5309375 0.012235817575083427 0.014375
10 0.5005561735261401 0.5334375 0.028921023359288096 0.028125
10 0.5016685205784205 0.50375 0.024471635150166853 0.0225
9 0.44493882091212456 0.5028125 0.024471635150166853 0.023125
2 0.42380422691879865 0.5021875 0.011123470522803115 0.020625
8 0.474972191323693 0.5028125 0.020022246941045607 0.021875
5 0.5311457174638488 0.5040625 0.02335928809788654 0.020625
6 0.4694104560622914 0.5334375 0.026696329254727477 0.028125
12 0.4660734149054505 0.5215625 0.19799777530589543 0.071875
4 0.4221357063403782 0.5325 0.03225806451612903 0.02875
4 0.389321468298109 0.5015625 0.024471635150166853 0.023125