11 0.4841666666666667 0.3315625 0.008333333333333333 0.014375
3 0.46291666666666664 0.3228125 0.0225 0.024375
6 0.4216666666666667 0.321875 0.021666666666666667 0.025
6 0.44208333333333333 0.321875 0.020833333333333332 0.025
0 0.45166666666666666 0.335625 0.008333333333333333 0.005
11 0.50625 0.3184375 0.010833333333333334 0.009375
11 0.49416666666666664 0.3165625 0.01 0.013125
11 0.51625 0.3321875 0.0125 0.014375
11 0.5058333333333334 0.331875 0.005 0.01375
11 0.49541666666666667 0.3315625 0.010833333333333334 0.014375
11 0.5133333333333333 0.3540625 0.013333333333333334 0.013125
11 0.45166666666666666 0.3534375 0.015 0.013125
12 0.44708333333333333 0.3340625 0.1875 0.080625