12 0.4557361111111111 0.53209375 0.5977499999999999 0.10160156249999996
11 0.2306388888888889 0.5012578125 0.037430555555555536 0.023914062499999923
11 0.2697777777777778 0.5016406250000001 0.03409722222222224 0.024539062500000063
11 0.3096388888888889 0.5019218750000001 0.03761111111111109 0.024539062500000063
11 0.6376805555555556 0.559671875 0.0271944444444445 0.024070312499999958
11 0.6735694444444444 0.5624296875 0.039222222222222235 0.01755468750000002
6 0.2199861111111111 0.5422421875000001 0.06106944444444448 0.04989843749999991
8 0.30201388888888886 0.5426171875 0.05304166666666666 0.04964843749999996
9 0.36554166666666665 0.544 0.06597222222222222 0.05039843749999999
1 0.43775000000000003 0.5445 0.06330555555555561 0.05039843749999999
1 0.5084027777777778 0.5456328125 0.06641666666666673 0.04864843749999999
1 0.5799583333333334 0.5463828125 0.06597222222222222 0.051156250000000014