12 0.46247222222222223 0.46749999999999997 0.5409861111111111 0.09353906250000002
11 0.3099166666666667 0.4631015625 0.0939583333333333 0.062109375
11 0.4262777777777778 0.44146093750000004 0.027861111111111034 0.01880468749999995
11 0.4567083333333333 0.4418203125 0.026152777777777834 0.018562499999999992
11 0.48693055555555553 0.4420625 0.02915277777777779 0.019046875000000085
5 0.40944444444444444 0.47628906249999997 0.048000000000000084 0.037507812499999994
7 0.4605555555555556 0.47670312499999995 0.045430555555555606 0.03874999999999993
10 0.5195416666666667 0.47660156249999996 0.0527638888888889 0.03853906249999994
10 0.6324027777777778 0.47752343750000004 0.0527638888888889 0.03833593749999995
2 0.5913611111111111 0.47752343750000004 0.021986111111111168 0.037507812499999994
2 0.7056805555555555 0.4783515625 0.02418055555555551 0.037507812499999994