12 0.48720833333333335 0.511640625 0.38234722222222234 0.06644531249999996
11 0.3792083333333333 0.5091953124999999 0.06894444444444442 0.04474999999999998
11 0.46108333333333335 0.49396874999999996 0.02059722222222228 0.012843750000000043
11 0.4825138888888889 0.494203125 0.017263888888888818 0.013312499999999972
11 0.5039583333333334 0.4944375 0.02059722222222228 0.013468750000000007
5 0.44899999999999995 0.518921875 0.033361111111111084 0.02712500000000002
7 0.4852222222222222 0.51875 0.033777777777777844 0.027695312500000034
10 0.5268194444444444 0.51909375 0.03804166666666665 0.027695312500000034
10 0.6062638888888888 0.5193203125 0.03743055555555562 0.027695312500000034
2 0.5771805555555556 0.5193203125 0.017500000000000033 0.027921875000000006
2 0.6569305555555556 0.5201796875 0.018305555555555485 0.02826562500000005