12 0.38604166666666667 0.503828125 0.7720694444444445 0.16671875000000008
11 0.04148611111111111 0.47837500000000005 0.08297222222222222 0.0720625
11 0.207125 0.4574375 0.051861111111111156 0.03568750000000005
11 0.2623333333333333 0.457609375 0.0463611111111111 0.03534375000000001
11 0.3181527777777778 0.45778125000000003 0.051861111111111156 0.03568750000000005
5 0.17752777777777776 0.52246875 0.08419444444444445 0.06966406250000005
7 0.27179166666666665 0.5216171875 0.08358333333333334 0.0720625
10 0.3788611111111111 0.521953125 0.09638888888888886 0.07137499999999992
10 0.5856666666666667 0.5211015625 0.09516666666666664 0.07171874999999997
2 0.5103333333333333 0.5221250000000001 0.03965277777777772 0.07103906250000006
2 0.7205 0.5216171875 0.043930555555555625 0.06932031250000001