12 0.4601111111111111 0.5295625 0.6095694444444444 0.10514843749999994
11 0.23204166666666665 0.496390625 0.04033333333333336 0.023734375000000085
11 0.2721388888888889 0.4976953125 0.03430555555555554 0.024249999999999973
11 0.3110833333333333 0.497171875 0.038944444444444476 0.023734375000000085
11 0.6414027777777778 0.5544140625 0.028277777777777797 0.023468749999999972
11 0.6770972222222222 0.5589765625 0.03940277777777779 0.017468749999999922
6 0.22183333333333333 0.538375 0.06258333333333334 0.049812499999999996
8 0.30366666666666664 0.5385078125 0.051930555555555535 0.0490234375
9 0.3667083333333333 0.5388984375 0.06768055555555558 0.05085156249999993
1 0.4399583333333333 0.5400703124999999 0.0658333333333333 0.04954687500000006
1 0.5120555555555556 0.5412421875 0.0672222222222222 0.04928906249999994
1 0.58275 0.5422890625 0.0639722222222223 0.05085156249999993