12 0.3809722222222222 0.50115625 0.7619444444444444 0.1676796875000001
11 0.04029166666666667 0.47484374999999995 0.08058333333333334 0.0703046875
11 0.2058888888888889 0.45503906250000004 0.05266666666666669 0.03497656249999999
11 0.26140277777777776 0.4553984375 0.04568055555555554 0.034265624999999925
11 0.31469444444444444 0.45521874999999995 0.053291666666666675 0.03533593750000001
5 0.17670833333333336 0.5212421875000001 0.0843888888888889 0.06959374999999994
7 0.2696527777777778 0.52053125 0.08629166666666666 0.07316406250000007
10 0.376875 0.52053125 0.09770833333333337 0.07530468750000008
10 0.5846666666666667 0.5203515624999999 0.09834722222222231 0.07423437499999999
2 0.5075833333333333 0.5199921875 0.04568055555555554 0.07209374999999998
2 0.7194999999999999 0.5203515624999999 0.04313888888888881 0.07137499999999992