12 0.5119861111111111 0.48262499999999997 0.40351388888888884 0.0689453125
11 0.4008611111111111 0.48121875000000003 0.06795833333333326 0.04639843750000008
11 0.485 0.46391406249999995 0.020847222222222208 0.01392187499999995
11 0.5074722222222222 0.46372656250000005 0.01888888888888892 0.01355468749999993
11 0.5301111111111111 0.46364062500000003 0.020513888888888863 0.013742187499999937
5 0.4737361111111111 0.489953125 0.03454166666666667 0.027554687499999987
7 0.5109444444444444 0.489953125 0.033458333333333375 0.02846093750000005
10 0.5543194444444445 0.48942968750000004 0.03774999999999993 0.028312500000000008
10 0.6385138888888889 0.48927343749999996 0.038013888888888896 0.028609374999999916
2 0.6078611111111112 0.4893515625 0.01633333333333332 0.02876562499999995
2 0.693 0.4893515625 0.01740277777777774 0.027859375000000065