12 0.46935920577617324 0.44663507109004735 0.5717509025270758 0.138334461746784
11 0.3064891696750902 0.4389641164522681 0.11204873646209385 0.08790115098171965
11 0.4323555956678701 0.4102911306702776 0.03078519855595669 0.027386594448205855
11 0.4633664259927798 0.4104603926878808 0.028592057761732858 0.027054840893703476
11 0.4963537906137184 0.41111712931618144 0.03298736462093859 0.02771834800270823
5 0.41124548736462097 0.4584698713608666 0.053664259927797865 0.05444143534190933
7 0.46732851985559565 0.4601150981719702 0.04970216606498194 0.056418415707515185
4 0.5271389891696752 0.4606093432633717 0.059377256317689496 0.05477318889641171
2 0.6017960288808664 0.46125930941096815 0.029494584837545183 0.054603926878808454
2 0.7228610108303248 0.4635815842924848 0.03187725631768947 0.054245091401489434
9 0.6455595667870035 0.4617941773865945 0.05518050541516255 0.05853080568720382