12 0.4866388888888889 0.51103125 0.3790833333333334 0.06617968750000003
11 0.3790833333333333 0.5093593750000001 0.06416666666666669 0.04545312500000005
11 0.46187500000000004 0.49359374999999994 0.020847222222222208 0.01392187499999995
11 0.48386111111111113 0.49386718749999997 0.017916666666666636 0.013742187499999937
11 0.5047083333333333 0.49349999999999994 0.020513888888888863 0.014109374999999957
5 0.4493333333333333 0.518234375 0.03355555555555551 0.027296875000000043
7 0.48630555555555555 0.518328125 0.03191666666666669 0.02748437500000005
10 0.5278333333333334 0.518328125 0.03680555555555556 0.02711718750000003
10 0.6074722222222222 0.5187890625 0.03777777777777784 0.02692968750000002
2 0.5776666666666667 0.51896875 0.017916666666666636 0.027296875000000043
2 0.6578055555555555 0.5193359375 0.017263888888888818 0.02657031249999999