12 0.5085138888888889 0.5102421875 0.19929166666666667 0.034507812500000054
11 0.4532638888888889 0.5090625 0.03544444444444442 0.022718749999999944
11 0.4947916666666667 0.500703125 0.011208333333333403 0.006906249999999936
11 0.506 0.500703125 0.00909722222222216 0.0076171875
11 0.5173194444444444 0.5007578125000001 0.010152777777777702 0.007257812499999972
5 0.48833333333333334 0.5138671875 0.018333333333333396 0.014296874999999964
7 0.5076388888888889 0.5133203125 0.017500000000000033 0.014609375000000036
10 0.5290277777777778 0.5133984375 0.019722222222222287 0.014921874999999928
10 0.5701388888888889 0.5133593750000001 0.019166666666666603 0.01453124999999993
2 0.5548611111111111 0.5133203125 0.009166666666666698 0.01414062499999993
2 0.5961805555555556 0.5135156249999999 0.009861111111111143 0.014687499999999964