12 0.3831805555555555 0.50134375 0.7626111111111114 0.16799218749999997
11 0.03756944444444445 0.47625 0.0751388888888889 0.07342968750000001
11 0.20311111111111113 0.4542578125 0.0526111111111111 0.03539062499999997
11 0.2587083333333334 0.45456250000000004 0.04663888888888887 0.03539062499999997
11 0.3140277777777778 0.4541015625 0.05315277777777775 0.03569531250000004
5 0.17273611111111112 0.5195390625 0.08731944444444445 0.06955468749999998
7 0.26629166666666665 0.519390625 0.08569444444444443 0.07230468749999996
10 0.37476388888888884 0.518625 0.09762499999999999 0.07260937500000005
10 0.5827638888888889 0.5189296875 0.09925000000000005 0.07200000000000006
2 0.5079166666666667 0.51878125 0.040680555555555505 0.06985937500000006
2 0.7159027777777779 0.5190859375 0.04122222222222223 0.07046875000000004