12 0.5021527777777778 0.48892968750000004 0.5689166666666666 0.10334374999999998
11 0.34197222222222223 0.485890625 0.10498611111111107 0.06600000000000002
11 0.46420833333333333 0.46243749999999995 0.03000000000000003 0.019773437499999956
11 0.49570833333333336 0.46243749999999995 0.027000000000000076 0.019289062500000044
11 0.5276388888888889 0.4621953125 0.032569444444444505 0.020250000000000056
5 0.4447083333333333 0.4998125 0.050152777777777796 0.04050781249999993
7 0.49956944444444445 0.49944531249999996 0.051861111111111156 0.04219531249999999
10 0.5604305555555555 0.500171875 0.05701388888888882 0.04122656249999999
10 0.6776666666666666 0.5016171875000001 0.05829166666666671 0.042671874999999915
2 0.6348055555555555 0.50065625 0.0257222222222222 0.04026562499999997
2 0.75375 0.501859375 0.028722222222222312 0.040750000000000064