12 0.3819861111111111 0.500171875 0.7622916666666666 0.16625781249999996
11 0.041749999999999995 0.47786718749999996 0.08015277777777778 0.07749218750000005
11 0.20372222222222222 0.4543828125 0.05511111111111112 0.03522656249999993
11 0.25966666666666666 0.45485156250000003 0.0450833333333333 0.03428125000000008
11 0.3155972222222222 0.45485156250000003 0.051763888888888866 0.037101562500000004
5 0.177 0.5191953125000001 0.08516666666666665 0.07091406249999999
7 0.26884722222222224 0.5198984375 0.08516666666666665 0.07232812499999994
10 0.37613888888888886 0.5187265625 0.09601388888888888 0.07185937500000002
10 0.5857083333333333 0.5189609374999999 0.09601388888888888 0.07232812499999994
2 0.5080555555555556 0.5191953125000001 0.04091666666666672 0.06997656249999995
2 0.718875 0.5191953125000001 0.041749999999999926 0.07091406249999999