12 0.4845277777777778 0.5189609374999999 0.6911805555555555 0.11673437500000006
11 0.29088888888888886 0.516765625 0.12330555555555552 0.08107812499999997
11 0.4384722222222222 0.48771875 0.034972222222222155 0.02449999999999992
11 0.4760833333333333 0.48734374999999996 0.0323333333333333 0.02301562500000003
11 0.5150138888888889 0.4880859375 0.03629166666666666 0.02449999999999992
5 0.4170277777777778 0.53271875 0.05840277777777771 0.04839062500000004
7 0.48143055555555553 0.5320859375 0.0597361111111111 0.04864843749999999
10 0.5554305555555555 0.5314609375 0.0668611111111111 0.04939843750000002
10 0.7000833333333333 0.5322109375 0.06909722222222214 0.05039843749999999
2 0.6459305555555556 0.5322109375 0.03209722222222224 0.047890624999999964
2 0.7929722222222223 0.53328125 0.030486111111111176 0.047585937500000064