12 0.5353249097472924 0.5517129316181448 0.36809566787003617 0.08870683818551116
11 0.43068592057761734 0.5483750846310088 0.06679602888086647 0.05678402166553818
11 0.5105505415162456 0.5281719702098849 0.019052346570397023 0.016797562626946476
11 0.5313086642599278 0.5287136086662153 0.01758122743682312 0.017102234258632356
11 0.5514981949458483 0.5289234935680434 0.01895306859205776 0.017102234258632356
5 0.4983393501805054 0.5602437373053487 0.03296931407942236 0.03441435341909271
7 0.5329602888086642 0.5607582938388626 0.03296931407942236 0.035443466486120456
10 0.5723826714801444 0.5608666215301287 0.03708483754512628 0.03524035206499659
10 0.6490252707581228 0.5615842924847665 0.03763537906137188 0.03503723764387272
2 0.6205956678700361 0.5613811780636425 0.017030685920577517 0.035443466486120456
2 0.6986101083032491 0.5628232904536222 0.01758122743682312 0.035856465809072466