12 0.5068333333333334 0.48571093750000005 0.4024166666666667 0.06995312499999998
11 0.39443055555555556 0.48422656249999996 0.06705555555555552 0.045960937499999945
11 0.4774722222222222 0.4671953125 0.020180555555555518 0.014226562500000029
11 0.5002083333333333 0.46702343749999997 0.01866666666666674 0.01389062499999998
11 0.5229444444444444 0.46694531250000004 0.02137499999999998 0.0140625
5 0.4664861111111111 0.493453125 0.03433333333333337 0.02846093750000005
7 0.504125 0.49311718750000005 0.03493055555555553 0.03082812500000003
10 0.5486944444444445 0.492859375 0.043972222222222176 0.029984375000000084
10 0.6309027777777778 0.49243750000000003 0.039152777777777856 0.03015624999999993
2 0.6009444444444445 0.492859375 0.016569444444444376 0.028625000000000077
2 0.6855694444444445 0.49260937499999996 0.020180555555555518 0.02846093750000005