12 0.5062361111111111 0.4870234375 0.4010416666666667 0.06789843750000006
11 0.3937083333333334 0.48511718750000005 0.06994444444444446 0.04885937499999997
11 0.47897222222222224 0.468125 0.02137499999999998 0.0140625
11 0.501263888888889 0.468125 0.01897222222222218 0.013718749999999957
11 0.5234027777777778 0.467703125 0.021083333333333263 0.01389062499999998
5 0.46708333333333335 0.49446874999999996 0.03493055555555553 0.029132812499999973
7 0.5042777777777777 0.4937890625 0.03463888888888896 0.029812500000000065
10 0.5476388888888889 0.49387499999999995 0.0400555555555556 0.029984375000000084
10 0.6318055555555555 0.493703125 0.0415555555555555 0.029304687499999992
2 0.6007916666666666 0.49387499999999995 0.01866666666666674 0.028968749999999942
2 0.6851111111111111 0.493453125 0.01866666666666674 0.02778124999999996