12 0.4439166666666667 0.497578125 0.2402638888888889 0.04088281249999994
11 0.37793055555555555 0.49679687499999997 0.04066666666666663 0.029062500000000036
11 0.42845833333333333 0.486421875 0.013013888888888896 0.00903906249999995
11 0.44177777777777777 0.48647656250000004 0.011597222222222254 0.008695312500000085
11 0.45551388888888894 0.4863046875 0.012208333333333283 0.008585937500000007
5 0.42154166666666665 0.5025000000000001 0.021972222222222292 0.01693750000000005
7 0.4442222222222222 0.5022109375 0.020541666666666618 0.017734375000000035
10 0.47025 0.5023359375 0.024333333333333308 0.018343750000000013
10 0.521375 0.5019296875 0.024333333333333308 0.018070312500000085
2 0.5021388888888889 0.5017890625 0.012166666666666654 0.01779687499999998
2 0.5527638888888889 0.50165625 0.012166666666666654 0.01752343750000005