12 0.4870972222222222 0.5256171875 0.6901111111111111 0.11767187499999991
11 0.29630555555555554 0.5212421875000001 0.11675 0.07887500000000003
11 0.44205555555555553 0.493265625 0.036625000000000005 0.024249999999999973
11 0.4802916666666667 0.49339062499999997 0.03337499999999996 0.02399218750000003
11 0.5180833333333333 0.49339062499999997 0.03569444444444451 0.02399218750000003
5 0.4200277777777778 0.5377265625 0.05841666666666675 0.04798437500000006
7 0.48493055555555553 0.5374609375 0.059347222222222246 0.05059374999999999
10 0.558875 0.5373359375 0.0672222222222222 0.05032812500000006
10 0.7032916666666666 0.5373359375 0.06676388888888887 0.04928906249999994
2 0.6506666666666667 0.537859375 0.028277777777777797 0.0482421875
2 0.7960138888888889 0.5385078125 0.030597222222222185 0.048507812499999935