12 0.5071805555555555 0.51415625 0.19611111111111101 0.03333593750000006
11 0.4517916666666667 0.5133203125 0.03540277777777779 0.022890624999999963
11 0.49361111111111106 0.50515625 0.010277777777777747 0.0068749999999999645
11 0.5042361111111111 0.5051953124999999 0.008472222222222254 0.006484374999999964
11 0.515 0.5051953124999999 0.01083333333333327 0.007109374999999929
5 0.48715277777777777 0.5178515625 0.01763888888888895 0.013515624999999965
7 0.5059027777777778 0.5176953125 0.016805555555555587 0.014453125
10 0.5270833333333333 0.5176953125 0.019166666666666603 0.01414062499999993
10 0.5683333333333334 0.51765625 0.019722222222222287 0.014375000000000072
2 0.5528472222222223 0.5176171875 0.009583333333333301 0.013828125000000035
2 0.5942361111111112 0.5178515625 0.009583333333333301 0.013984375000000071