12 0.5127916666666666 0.48134375 0.4032361111111112 0.06985156250000006
11 0.4028333333333334 0.48026562500000003 0.06776388888888883 0.046585937500000084
11 0.4862361111111111 0.4628046875 0.021611111111111036 0.014445312500000007
11 0.508625 0.46227343750000005 0.018166666666666723 0.013390625000000078
11 0.5307083333333333 0.4625390625 0.02098611111111113 0.014273437499999986
5 0.47527777777777774 0.48826562500000004 0.03413888888888895 0.02800781249999993
7 0.5128611111111111 0.4880859375 0.035388888888888914 0.028718749999999994
10 0.5560833333333334 0.48817187500000003 0.03790277777777773 0.02924218750000005
10 0.6389166666666667 0.488 0.03945833333333329 0.029593750000000085
2 0.6083888888888889 0.48755468750000003 0.017847222222222254 0.02800781249999993
2 0.6926388888888889 0.48755468750000003 0.01847222222222216 0.028367187499999957