12 0.49934722222222216 0.4892890625 0.5748194444444443 0.10250781250000003
11 0.33676388888888886 0.4850625 0.10370833333333336 0.06760156249999998
11 0.4601527777777778 0.4620390625 0.03008333333333329 0.020398437499999922
11 0.49188888888888893 0.46261718749999997 0.027611111111111104 0.02017187499999995
11 0.5240416666666666 0.462734375 0.031736111111111145 0.019937499999999986
5 0.4411944444444445 0.49994531249999996 0.049874999999999954 0.041031249999999984
7 0.49524999999999997 0.499328125 0.05216666666666675 0.042109375000000074
10 0.5562361111111112 0.4997109375 0.05758333333333338 0.04135156250000005
10 0.6749583333333333 0.500953125 0.0579305555555556 0.04192187500000007
2 0.6319444444444444 0.500953125 0.02472222222222216 0.04001562500000002
2 0.7516944444444444 0.5025703125 0.027777777777777776 0.04135156250000005