12 0.4849027777777778 0.5251953125 0.6888194444444445 0.11831250000000004
11 0.29000000000000004 0.519265625 0.12075 0.08017187500000009
11 0.43716666666666665 0.4928515625 0.0369305555555556 0.024203125000000013
11 0.4750972222222222 0.4927578125 0.0321805555555555 0.023625000000000007
11 0.5137222222222222 0.4926640625 0.035569444444444466 0.024203125000000013
5 0.4159861111111111 0.5378203125 0.062333333333333324 0.04782812500000002
7 0.48086111111111113 0.5370625 0.058611111111111176 0.04935156250000006
10 0.5559722222222222 0.5369453125 0.06851388888888894 0.05098437499999999
10 0.6987083333333334 0.5369453125 0.06851388888888894 0.05098437499999999
2 0.6448333333333333 0.53675 0.029263888888888957 0.04978125000000002
2 0.7900694444444445 0.53675 0.03140277777777764 0.04897656250000004