12 0.45955555555555555 0.5213984375 0.6065555555555556 0.10328906250000003
11 0.23284722222222223 0.489 0.03806944444444448 0.02464062499999997
11 0.2740416666666667 0.4900234375 0.03494444444444448 0.023757812500000065
11 0.3131527777777778 0.48987499999999995 0.03806944444444448 0.02405468749999997
11 0.6450833333333333 0.5483984375000001 0.028166666666666628 0.025523437500000058
11 0.6815972222222222 0.551921875 0.041722222222222174 0.017304687500000072
6 0.22372222222222224 0.5302109374999999 0.05944444444444446 0.04957812500000003
8 0.30559722222222224 0.5310937499999999 0.05215277777777779 0.05016406250000003
9 0.37026388888888884 0.5316796874999999 0.06675000000000005 0.04898437500000004
1 0.44379166666666664 0.533 0.0677916666666666 0.049867187499999945
1 0.5144583333333334 0.5347578125 0.0672777777777777 0.049867187499999945
1 0.5861527777777777 0.5354921874999999 0.06674999999999992 0.05075000000000003