12 0.3824305555555556 0.5019296875 0.7648472222222223 0.16481250000000003
11 0.039958333333333325 0.4821328125 0.07990277777777778 0.08882812500000004
11 0.20279166666666665 0.45588281249999996 0.05284722222222224 0.03628906250000004
11 0.2594027777777778 0.4564609375 0.0466666666666667 0.03512500000000003
11 0.31430555555555556 0.4562734375 0.053527777777777806 0.03551562500000003
5 0.17395833333333333 0.520734375 0.08304166666666668 0.07025781250000004
7 0.26831944444444444 0.5203515624999999 0.08783333333333335 0.07334375000000008
10 0.3757222222222222 0.5193828125 0.09676388888888887 0.07218750000000007
10 0.5822777777777778 0.5205390624999999 0.09538888888888898 0.07218750000000007
2 0.5054166666666666 0.5203515624999999 0.044611111111111115 0.07025781250000004
2 0.7167916666666667 0.5191953125000001 0.04461111111111104 0.07102343750000006