12 0.5117777777777778 0.5143984374999999 0.19545833333333335 0.03399218749999999
11 0.4574444444444445 0.513015625 0.034749999999999975 0.022757812500000085
11 0.4986666666666667 0.504890625 0.010847222222222147 0.007359375000000057
11 0.5097361111111111 0.5048515625000001 0.009222222222222203 0.007273437499999957
11 0.520375 0.5049765625 0.010847222222222147 0.007359375000000057
5 0.49270833333333336 0.5178906249999999 0.017361111111111112 0.0140625
7 0.5114583333333333 0.5176953125 0.016527777777777745 0.01476562500000007
10 0.5321527777777777 0.5176171875 0.01902777777777784 0.014609375000000036
10 0.5729861111111111 0.51765625 0.019305555555555524 0.014375000000000072
2 0.5579166666666666 0.5176171875 0.008611111111111173 0.013359374999999929
2 0.5990277777777778 0.5177343750000001 0.009166666666666698 0.01328125