12 0.4945694444444444 0.49113281249999996 0.5704027777777777 0.10223437499999992
11 0.3313611111111111 0.4867265625 0.10551388888888885 0.06607031249999995
11 0.45634722222222224 0.46403125 0.02968055555555556 0.019992187499999935
11 0.4874861111111111 0.4644375 0.02674999999999999 0.019578124999999957
11 0.5202777777777778 0.4643359375 0.03004166666666666 0.020609375000000086
5 0.4372916666666667 0.5014375 0.05166666666666673 0.04039843750000003
7 0.49151388888888886 0.5015390625 0.05166666666666673 0.04142187499999998
10 0.5530694444444444 0.501953125 0.05679166666666665 0.04183593749999996
10 0.6714166666666667 0.5027734374999999 0.05898611111111115 0.04142187499999998
2 0.6269027777777778 0.5022578125 0.026375000000000013 0.04039843750000003
2 0.7457916666666667 0.5036015625 0.028944444444444332 0.04183593749999996