12 0.5006666666666667 0.488375 0.5702499999999999 0.10076562500000001
11 0.3378611111111111 0.48479687499999996 0.1060416666666667 0.06662499999999998
11 0.46226388888888886 0.461375 0.030319444444444503 0.02006250000000005
11 0.49406944444444445 0.4616953125 0.026763888888888865 0.01867187500000007
11 0.52625 0.461890625 0.03149999999999993 0.02019531249999993
5 0.44206944444444446 0.499140625 0.05284722222222216 0.04096875000000004
7 0.4966111111111111 0.499140625 0.049458333333333354 0.04096875000000004
10 0.5579305555555555 0.499328125 0.058263888888888955 0.04096875000000004
10 0.6783472222222222 0.49990625 0.060638888888888846 0.04135156250000005
2 0.6334722222222222 0.5007578125000001 0.024388888888888814 0.04001562500000002
2 0.7537222222222222 0.501046875 0.028458333333333346 0.04135156250000005