1 0.5171944444444444 0.51475 0.19608333333333341 0.034164062500000016
11 0.4620277777777778 0.51396875 0.03493055555555553 0.02321875000000002
11 0.5037361111111112 0.5056953125 0.011597222222222254 0.007164062500000057
11 0.5149722222222222 0.505859375 0.009166666666666698 0.007007812500000021
11 0.5257083333333333 0.50565625 0.010305555555555498 0.00708593749999995
5 0.4976527777777778 0.5185859374999999 0.017749999999999964 0.013929687499999944
7 0.5162638888888889 0.5184609375 0.017472222222222278 0.014015625000000042
10 0.5378055555555556 0.5183828125 0.019611111111111117 0.014015625000000042
10 0.5786805555555555 0.518546875 0.020041666666666597 0.014656249999999992
2 0.5633611111111111 0.5183828125 0.008583333333333264 0.014171875000000079
2 0.6045277777777778 0.5186640625 0.009013888888888901 0.014414062500000036