12 0.4413611111111111 0.4971640625 0.24038888888888896 0.04049218749999994
11 0.37519444444444444 0.49714843750000004 0.04462499999999999 0.028578124999999944
11 0.4257083333333333 0.486359375 0.013222222222222198 0.008468749999999936
11 0.4394444444444444 0.48687500000000006 0.011388888888888952 0.00903906249999995
11 0.4529722222222222 0.48647656250000004 0.013222222222222198 0.009156250000000022
5 0.4185833333333333 0.5025000000000001 0.021763888888888833 0.018078125000000077
7 0.44208333333333333 0.5027265625 0.020750000000000077 0.018312500000000044
10 0.4677222222222222 0.50215625 0.024416666666666722 0.018765624999999987
10 0.5187916666666667 0.5019296875 0.023999999999999962 0.018539062500000016
2 0.5000694444444445 0.5022109375 0.010986111111111066 0.01796875
2 0.5504166666666667 0.5019843749999999 0.011999999999999981 0.018421874999999942