12 0.4943611111111111 0.514453125 0.207625 0.36707812500000003
11 0.5009583333333333 0.411390625 0.13487500000000002 0.06592968750000003
11 0.5458611111111111 0.4893203125 0.04158333333333341 0.01953125
11 0.5454305555555555 0.5094531250000001 0.039861111111111173 0.01639843750000001
11 0.5445694444444444 0.5299453125 0.04243055555555549 0.019289062500000044
5 0.4696805555555556 0.4773203125 0.08231944444444442 0.03277343750000004
7 0.47019444444444447 0.5114296875 0.0840138888888889 0.03239062500000003
10 0.4674722222222222 0.551921875 0.0840138888888889 0.03715624999999996
10 0.46391666666666664 0.627 0.08502777777777781 0.036398437499999936
2 0.46426388888888886 0.5995625 0.08231944444444442 0.015437499999999993
2 0.461375 0.6761640625 0.0819722222222222 0.015437499999999993