12 0.47188888888888886 0.471 0.5423611111111111 0.09574218749999996
11 0.3209027777777778 0.46704687500000003 0.09638888888888886 0.06382812500000004
11 0.4359166666666667 0.4449375 0.030125000000000075 0.01917187499999997
11 0.4664305555555555 0.44516406249999996 0.026944444444444413 0.01917187499999997
11 0.49675 0.44527343750000004 0.028930555555555612 0.01850000000000005
5 0.41887499999999994 0.4799375 0.047555555555555566 0.037453125000000045
7 0.47100000000000003 0.4794921875 0.0479583333333333 0.03967968749999997
10 0.5282638888888889 0.48026562500000003 0.05469444444444444 0.039453125
10 0.6417916666666666 0.48071875000000003 0.05429166666666671 0.03811718749999997
2 0.6001805555555555 0.4809375 0.023375000000000055 0.03811718749999997
2 0.7147083333333334 0.48149218749999995 0.02337499999999998 0.037453125000000045