12 0.47100000000000003 0.46911718750000003 0.5419027777777778 0.09403906249999991
11 0.3169722222222222 0.46621875 0.09486111111111113 0.06392187499999995
11 0.4334583333333333 0.4438359375 0.028930555555555612 0.019796874999999936
11 0.4638333333333333 0.44410937500000003 0.02506944444444438 0.018710937500000035
11 0.4942083333333333 0.44410937500000003 0.027958333333333328 0.019257812500000072
5 0.4160972222222222 0.47935937500000003 0.04820833333333338 0.03878125000000008
7 0.4664861111111111 0.47922656249999995 0.044833333333333295 0.039054687500000004
10 0.5255416666666667 0.47935937500000003 0.053041666666666744 0.03878125000000008
10 0.6398194444444445 0.47990625 0.05593055555555553 0.039328124999999936
2 0.59475 0.4801875 0.02844444444444447 0.03986718749999998
2 0.7116666666666667 0.4808671875 0.026041666666666668 0.03851562499999996