12 0.5053611111111111 0.4847265625 0.40300000000000014 0.06929687500000004
11 0.39479166666666665 0.4840625 0.06922222222222227 0.04685156250000002
11 0.47962499999999997 0.46693749999999995 0.021819444444444495 0.014476562499999979
11 0.5019444444444444 0.46684374999999995 0.020194444444444393 0.014289062499999972
11 0.52425 0.46666406250000003 0.020513888888888863 0.01392187499999995
5 0.46855555555555556 0.492765625 0.03549999999999993 0.02839843749999993
7 0.5056805555555555 0.4924921875 0.034847222222222266 0.029679687500000006
10 0.5486805555555556 0.4925859375 0.04006944444444448 0.029132812499999973
10 0.6325555555555555 0.492125 0.03973611111111113 0.03004687500000003
2 0.6019305555555555 0.4925859375 0.01888888888888892 0.02839843749999993
2 0.6864583333333333 0.4923125 0.017263888888888818 0.028945312499999966