12 0.47706944444444443 0.46882812500000004 0.5409305555555556 0.09571874999999999
11 0.32511111111111113 0.46400781249999995 0.09387499999999996 0.06196093749999996
11 0.4410972222222222 0.44309374999999995 0.028055555555555618 0.019695312500000027
11 0.4709583333333333 0.4431640625 0.025486111111111143 0.018679687500000063
11 0.5010694444444445 0.4433828125 0.028055555555555618 0.01911718750000002
5 0.42436111111111113 0.47806249999999995 0.047111111111111055 0.037796875000000084
7 0.4749444444444444 0.478203125 0.047361111111111145 0.038664062500000006
10 0.5336388888888889 0.47828125000000005 0.05251388888888881 0.03880468750000006
10 0.6471666666666667 0.4793671875 0.05302777777777771 0.038664062500000006
2 0.6054583333333333 0.479078125 0.025222222222222177 0.0380859375
2 0.7198888888888889 0.4798671875 0.024458333333333273 0.03793749999999996