12 0.5064583333333333 0.48521875000000003 0.5723333333333332 0.10345312500000006
11 0.343125 0.48059375 0.10430555555555558 0.06793750000000003
11 0.467375 0.45821093749999997 0.032152777777777745 0.02017187499999995
11 0.4993194444444444 0.45856250000000004 0.02844444444444447 0.020398437499999922
11 0.5310416666666667 0.45856250000000004 0.031736111111111145 0.019937499999999986
5 0.44758333333333333 0.49553906249999996 0.051930555555555535 0.04010937499999993
7 0.5019861111111111 0.495421875 0.049458333333333354 0.041726562500000064
10 0.5631944444444444 0.496 0.058930555555555486 0.04149999999999991
10 0.6820972222222222 0.4968125 0.057694444444444395 0.041726562500000064
2 0.6382083333333333 0.4965859375 0.02595833333333341 0.03987499999999997
2 0.7579305555555556 0.497046875 0.02720833333333322 0.03987499999999997