12 0.4439027777777778 0.495125 0.2402638888888889 0.04181249999999999
11 0.3764305555555555 0.49387499999999995 0.04456944444444449 0.027953124999999978
11 0.4286388888888889 0.48400781249999997 0.013027777777777772 0.009054687499999936
11 0.4419444444444444 0.48415625 0.011388888888888952 0.008546875000000042
11 0.45531944444444444 0.4840546875 0.012847222222222222 0.008953125000000029
5 0.42113888888888895 0.500171875 0.021638888888888947 0.01713281250000005
7 0.4440972222222222 0.49995312500000005 0.02148611111111115 0.01791406250000005
10 0.46991666666666665 0.5000390625 0.023347222222222148 0.01878124999999997
10 0.5204722222222222 0.49973437499999995 0.023347222222222148 0.01835156250000001
2 0.502375 0.49986718750000003 0.010361111111111161 0.017390624999999993
2 0.5528611111111111 0.4996953125 0.010513888888888958 0.01704687499999995