12 0.4664305555555555 0.5090312499999999 0.2032083333333334 0.36698437500000003
11 0.4698194444444444 0.40602343750000003 0.14065277777777777 0.06703124999999996
11 0.5171527777777778 0.48465625 0.04126388888888894 0.019039062499999915
11 0.5169166666666667 0.5052578125 0.03987500000000005 0.01590624999999992
11 0.5155277777777778 0.525859375 0.041722222222222174 0.019039062499999915
5 0.4408888888888889 0.471875 0.08252777777777773 0.03207812499999996
7 0.44112500000000004 0.5065625 0.08391666666666661 0.030507812499999964
10 0.4399583333333333 0.5472421875 0.084375 0.036250000000000074
10 0.43625 0.6224765624999999 0.084375 0.036507812500000014
2 0.43672222222222223 0.5948359375 0.08066666666666672 0.016171875000000037
2 0.43393055555555554 0.6708515625 0.08159722222222222 0.016953125000000034