12 0.46811111111111114 0.46921093750000004 0.5455416666666668 0.09568750000000001
11 0.31525 0.4640546875 0.0936527777777778 0.06284375000000005
11 0.4313472222222222 0.4425078125 0.02819444444444438 0.019078125000000057
11 0.46181944444444445 0.44271874999999994 0.025597222222222153 0.019484375000000043
11 0.4913194444444444 0.442890625 0.029208333333333295 0.019140625
5 0.41483333333333333 0.47761718750000004 0.04788888888888891 0.03845312500000002
7 0.466625 0.47761718750000004 0.04668055555555557 0.03878906250000007
10 0.5235555555555556 0.477359375 0.05269444444444436 0.039640625000000006
10 0.6375277777777778 0.478125 0.05480555555555561 0.03913281249999993
2 0.5944722222222222 0.47786718749999996 0.026500000000000058 0.03862500000000004
2 0.7096527777777778 0.4793046875 0.025000000000000078 0.03980468750000003