12 0.7340316205533597 0.5726176470588236 0.2623715415019763 0.044617647058823574
2 0.625296442687747 0.5735294117647058 0.02055335968379442 0.033529411764705815
2 0.7049407114624505 0.5719117647058823 0.019367588932806233 0.031470588235294084
2 0.7298418972332016 0.5722058823529412 0.020158102766798507 0.030882352941176472
8 0.6523715415019763 0.5726470588235294 0.02727272727272718 0.03235294117647059
7 0.6808300395256917 0.5723529411764706 0.026482213438735133 0.0329411764705882
6 0.7571146245059289 0.5714705882352942 0.029644268774703556 0.03058823529411758
3 0.7954545454545454 0.5711764705882353 0.02806324110671946 0.03117647058823536
0 0.7772727272727273 0.5816176470588236 0.0067193675889327615 0.007941176470588202
11 0.8193675889328064 0.5726470588235294 0.018972332015810323 0.02882352941176474
11 0.8458498023715415 0.5758823529411765 0.030039525691699695 0.024117647058823497