9 0.672662 0.224359 0.079137 0.217949
3 0.309353 0.192308 0.086331 0.230769
4 0.399281 0.198718 0.079137 0.217949
4 0.579137 0.211538 0.079137 0.243590
4 0.766187 0.230769 0.079137 0.230769
4 0.446043 0.730769 0.086331 0.256410
4 0.111511 0.692308 0.079137 0.230769
6 0.492806 0.205128 0.079137 0.230769
6 0.665468 0.737179 0.079137 0.243590
5 0.575540 0.724359 0.086331 0.217949
11 0.510791 0.737179 0.028777 0.166667
11 0.287770 0.391026 0.043165 0.115385
11 0.334532 0.403846 0.050360 0.115385
11 0.381295 0.410256 0.043165 0.153846
11 0.420863 0.410256 0.035971 0.128205
11 0.471223 0.416667 0.050360 0.141026
11 0.694245 0.429487 0.035971 0.115385
11 0.755396 0.442308 0.071942 0.089744