11 0.458333 0.748691 0.027778 0.167539
11 0.119213 0.204188 0.057870 0.251309
11 0.179398 0.206806 0.053241 0.235602
11 0.240741 0.204188 0.055556 0.240838
11 0.297454 0.198953 0.057870 0.240838
11 0.656250 0.421466 0.030093 0.120419
11 0.694444 0.431937 0.046296 0.089005
0 0.818287 0.293194 0.034722 0.104712
6 0.773148 0.217277 0.060185 0.256545
7 0.892361 0.219895 0.067130 0.261780
7 0.356481 0.468586 0.060185 0.225131
2 0.600694 0.764398 0.034722 0.251309
2 0.356481 0.759162 0.027778 0.251309
2 0.312500 0.473822 0.023148 0.235602
2 0.650463 0.217277 0.046296 0.256545
1 0.710648 0.214660 0.060185 0.240838
1 0.406250 0.756545 0.062500 0.256545
5 0.417824 0.468586 0.057870 0.193717
4 0.483796 0.465969 0.060185 0.209424
4 0.508102 0.756545 0.062500 0.246073
3 0.606481 0.468586 0.050926 0.214660
8 0.549769 0.468586 0.048611 0.225131