1 0.768018 0.219388 0.058559 0.234694
11 0.103604 0.193878 0.063063 0.224490
11 0.227477 0.224490 0.058559 0.183673
11 0.824324 0.224490 0.045045 0.224490
11 0.887387 0.255102 0.063063 0.183673
11 0.653153 0.423469 0.027027 0.112245
11 0.691441 0.438776 0.040541 0.081633
11 0.256757 0.780612 0.045045 0.173469
10 0.398649 0.765306 0.067568 0.244898
5 0.497748 0.755102 0.067568 0.224490
4 0.569820 0.770408 0.067568 0.234694
4 0.186937 0.785714 0.049550 0.163265
4 0.605856 0.474490 0.058559 0.214286
4 0.346847 0.464286 0.054054 0.214286
3 0.277027 0.459184 0.058559 0.204082
8 0.545045 0.469388 0.054054 0.204082
8 0.479730 0.464286 0.049550 0.193878
8 0.414414 0.459184 0.054054 0.204082
0 0.695946 0.295918 0.031532 0.081633
0 0.272523 0.275510 0.031532 0.081633
1 0.090090 0.448980 0.063063 0.204082
1 0.650901 0.219388 0.058559 0.234694
11 0.450450 0.760204 0.018018 0.173469