1 0.406040 0.735294 0.060403 0.235294
1 0.647651 0.220588 0.060403 0.235294
1 0.768456 0.213235 0.060403 0.220588
0 0.694631 0.279412 0.033557 0.088235
0 0.281879 0.286765 0.026846 0.073529
11 0.268456 0.764706 0.053691 0.176471
5 0.197987 0.772059 0.046980 0.161765
4 0.355705 0.455882 0.053691 0.205882
3 0.573826 0.735294 0.073826 0.235294
3 0.285235 0.455882 0.060403 0.205882
11 0.885906 0.235294 0.067114 0.176471
11 0.822148 0.220588 0.046980 0.235294
11 0.238255 0.242647 0.060403 0.161765
11 0.120805 0.220588 0.067114 0.235294
1 0.503356 0.742647 0.067114 0.220588
10 0.607383 0.455882 0.060403 0.205882
6 0.543624 0.455882 0.053691 0.205882
8 0.483221 0.448529 0.053691 0.191176
2 0.436242 0.463235 0.026846 0.191176
2 0.355705 0.742647 0.026846 0.220588
11 0.453020 0.735294 0.020134 0.147059