7 0.328326 0.500000 0.064378 0.252525
5 0.394850 0.494949 0.068670 0.222222
8 0.467811 0.494949 0.060086 0.242424
3 0.538627 0.494949 0.072961 0.262626
0 0.821888 0.277778 0.038627 0.111111
10 0.706009 0.191919 0.072961 0.303030
1 0.905579 0.207071 0.077253 0.313131
1 0.491416 0.823232 0.081545 0.313131
2 0.336910 0.823232 0.047210 0.292929
2 0.414163 0.823232 0.038627 0.292929
11 0.195279 0.227273 0.055794 0.292929
2 0.276824 0.510101 0.030043 0.272727
2 0.620172 0.500000 0.030043 0.252525
3 0.572961 0.813131 0.072961 0.292929
3 0.774678 0.196970 0.064378 0.292929
11 0.459227 0.207071 0.077253 0.272727
11 0.693133 0.444444 0.055794 0.121212
11 0.259657 0.222222 0.064378 0.262626
11 0.652361 0.434343 0.034335 0.141414
11 0.377682 0.207071 0.060086 0.272727
11 0.064378 0.227273 0.068670 0.272727
11 0.130901 0.232323 0.064378 0.282828