1 0.713080 0.200935 0.059072 0.252336
2 0.360759 0.761682 0.037975 0.252336
2 0.432489 0.761682 0.029536 0.289720
2 0.305907 0.490654 0.029536 0.233645
2 0.651899 0.214953 0.046414 0.242991
1 0.890295 0.205607 0.067511 0.299065
8 0.770042 0.210280 0.054852 0.252336
7 0.348101 0.467290 0.054852 0.224299
5 0.415612 0.471963 0.063291 0.196262
4 0.548523 0.467290 0.050633 0.224299
3 0.478903 0.467290 0.054852 0.224299
3 0.502110 0.785047 0.059072 0.261682
0 0.814346 0.280374 0.042194 0.130841
11 0.107595 0.224299 0.054852 0.242991
11 0.166667 0.228972 0.054852 0.252336
11 0.227848 0.224299 0.050633 0.242991
11 0.289030 0.224299 0.054852 0.242991
11 0.343882 0.224299 0.054852 0.261682
11 0.409283 0.210280 0.059072 0.233645
11 0.698312 0.429907 0.054852 0.093458
11 0.654008 0.420561 0.033755 0.112150
10 0.609705 0.476636 0.054852 0.224299
10 0.578059 0.775701 0.075949 0.261682