1 0.500000 0.757009 0.072340 0.242991
1 0.600000 0.504673 0.068085 0.205607
1 0.529787 0.252336 0.072340 0.242991
2 0.755319 0.257009 0.038298 0.252336
2 0.421277 0.761682 0.042553 0.214953
2 0.361702 0.757009 0.042553 0.224299
2 0.219149 0.789720 0.029787 0.177570
2 0.174468 0.775701 0.034043 0.168224
9 0.410638 0.252336 0.063830 0.205607
0 0.461702 0.322430 0.029787 0.084112
11 0.687234 0.457944 0.038298 0.093458
11 0.653191 0.457944 0.029787 0.093458
11 0.274468 0.789720 0.046809 0.177570
11 0.695745 0.294393 0.063830 0.177570
11 0.246809 0.252336 0.059574 0.261682
11 0.189362 0.271028 0.055319 0.186916
11 0.131915 0.233645 0.059574 0.224299
1 0.812766 0.261682 0.059574 0.224299
1 0.874468 0.266355 0.072340 0.233645
3 0.357447 0.490654 0.076596 0.214953
3 0.570213 0.771028 0.068085 0.252336
8 0.429787 0.481308 0.059574 0.196262
8 0.487234 0.490654 0.046809 0.196262
10 0.538298 0.500000 0.055319 0.214953
11 0.636170 0.252336 0.046809 0.280374
1 0.121277 0.481308 0.063830 0.177570