1 0.087629 0.488462 0.058419 0.192308
1 0.393471 0.750000 0.072165 0.238462
2 0.293814 0.476923 0.024055 0.184615
10 0.338488 0.476923 0.058419 0.200000
3 0.398625 0.469231 0.061856 0.215385
3 0.467354 0.465385 0.061856 0.207692
9 0.532646 0.465385 0.061856 0.207692
6 0.596220 0.465385 0.058419 0.207692
6 0.491409 0.750000 0.068729 0.238462
2 0.345361 0.761538 0.024055 0.215385
6 0.565292 0.746154 0.072165 0.230769
1 0.697595 0.203846 0.061856 0.238462
11 0.096220 0.246154 0.061856 0.230769
11 0.879725 0.223077 0.061856 0.184615
11 0.814433 0.196154 0.054983 0.238462
11 0.216495 0.257692 0.061856 0.176923
11 0.441581 0.753846 0.024055 0.153846
0 0.623711 0.280769 0.030928 0.084615
0 0.262887 0.300000 0.030928 0.092308
1 0.577320 0.211538 0.061856 0.238462
11 0.680412 0.419231 0.048110 0.084615
11 0.644330 0.415385 0.030928 0.107692