11 0.127647 0.662437 0.029412 0.015228
11 0.138824 0.637563 0.032941 0.034518
11 0.147059 0.603553 0.042353 0.033503
11 0.178824 0.688325 0.030588 0.024365
11 0.188824 0.663452 0.034118 0.025381
11 0.198235 0.630457 0.031765 0.036548
11 0.208824 0.590863 0.034118 0.038579
11 0.165294 0.716751 0.029412 0.034518
11 0.842353 0.225381 0.040000 0.032487
11 0.852353 0.188325 0.036471 0.039594
11 0.627059 0.313706 0.068235 0.052792
11 0.652941 0.263959 0.054118 0.071066
11 0.658235 0.216244 0.052941 0.052792
11 0.672941 0.187817 0.065882 0.056853
11 0.625882 0.767513 0.042353 0.038579
11 0.641765 0.737563 0.043529 0.047716
11 0.657059 0.709137 0.031765 0.025381
11 0.660000 0.684772 0.035294 0.043655
2 0.674118 0.661421 0.037647 0.027411
2 0.226471 0.495939 0.076471 0.043655
2 0.261176 0.365990 0.084706 0.043655
1 0.241765 0.439594 0.095294 0.077157
11 0.247647 0.326396 0.048235 0.031472
11 0.260588 0.287310 0.045882 0.048731
11 0.122353 0.679188 0.035294 0.022335
0 0.824118 0.310660 0.020000 0.014213
1 0.803529 0.260914 0.089412 0.081218
1 0.776471 0.323858 0.087059 0.075127
1 0.497059 0.396954 0.292941 0.274112