1 0.474609 0.466967 0.061198 0.219219
1 0.098958 0.493994 0.059896 0.213213
3 0.761068 0.183183 0.061198 0.240240
3 0.574219 0.747748 0.065104 0.240240
3 0.502604 0.755255 0.067708 0.255255
10 0.406901 0.765766 0.074219 0.258258
10 0.700521 0.183183 0.059896 0.234234
11 0.103516 0.238739 0.061198 0.255255
0 0.810547 0.261261 0.040365 0.102102
11 0.687500 0.411411 0.044271 0.096096
11 0.649089 0.405405 0.029948 0.120120
11 0.470052 0.201201 0.065104 0.234234
11 0.404948 0.210210 0.059896 0.246246
11 0.288411 0.219219 0.063802 0.252252
11 0.225911 0.217718 0.058594 0.249249
11 0.166667 0.226727 0.057292 0.249249
7 0.347656 0.475976 0.057292 0.219219
6 0.603516 0.454955 0.053385 0.213213
5 0.412109 0.475976 0.061198 0.201201
2 0.558594 0.460961 0.023438 0.207207
2 0.304688 0.481982 0.026042 0.195195
2 0.355469 0.773273 0.023438 0.225225
1 0.880859 0.174174 0.066406 0.246246