11 0.490809 0.909449 0.040441 0.181102
11 0.680147 0.531496 0.058824 0.102362
11 0.628676 0.527559 0.044118 0.141732
11 0.430147 0.582677 0.044118 0.125984
11 0.389706 0.586614 0.044118 0.133858
11 0.347426 0.594488 0.047794 0.133858
11 0.305147 0.602362 0.051471 0.133858
11 0.257353 0.614173 0.051471 0.141732
7 0.676471 0.283465 0.080882 0.251969
6 0.597426 0.299213 0.077206 0.251969
2 0.538603 0.314961 0.040441 0.220472
7 0.435662 0.334646 0.077206 0.259843
9 0.352941 0.350394 0.080882 0.259843
2 0.294118 0.362205 0.036765 0.236220