4 0.557769 0.645963 0.079681 0.223602
11 0.494024 0.655280 0.031873 0.155280
11 0.262948 0.416149 0.039841 0.099379
11 0.310757 0.413043 0.047809 0.105590
11 0.356574 0.406832 0.043825 0.093168
11 0.394422 0.406832 0.039841 0.105590
11 0.438247 0.397516 0.047809 0.099379
11 0.643426 0.378882 0.035857 0.099379
11 0.693227 0.385093 0.063745 0.086957
2 0.302789 0.236025 0.031873 0.186335
9 0.360558 0.232919 0.075697 0.192547
9 0.525896 0.220497 0.079681 0.192547
8 0.701195 0.195652 0.079681 0.192547
8 0.446215 0.220497 0.071713 0.180124
4 0.611554 0.211180 0.075697 0.173913
4 0.645418 0.642857 0.087649 0.229814
3 0.340637 0.661491 0.083665 0.217391
3 0.432271 0.658385 0.075697 0.223602