3 0.491150 0.772727 0.070796 0.252525
6 0.517699 0.202020 0.061947 0.242424
7 0.466814 0.464646 0.057522 0.202020
8 0.533186 0.464646 0.057522 0.202020
9 0.331858 0.469697 0.061947 0.212121
1 0.389381 0.772727 0.070796 0.252525
2 0.342920 0.777778 0.030973 0.222222
2 0.287611 0.469697 0.026549 0.191919
3 0.453540 0.202020 0.057522 0.242424
5 0.595133 0.469697 0.057522 0.191919
5 0.566372 0.772727 0.070796 0.232323
10 0.398230 0.469697 0.061947 0.212121
11 0.442478 0.772727 0.035398 0.171717
11 0.646018 0.424242 0.026549 0.121212
11 0.683628 0.429293 0.048673 0.090909
11 0.637168 0.207071 0.061947 0.252525
11 0.701327 0.232323 0.057522 0.181818
11 0.761062 0.232323 0.061947 0.181818
11 0.210177 0.202020 0.057522 0.242424
11 0.272124 0.237374 0.057522 0.171717
11 0.336283 0.217172 0.061947 0.212121