2 0.671975 0.221622 0.038217 0.183784
10 0.566879 0.224324 0.082803 0.210811
10 0.673567 0.689189 0.098726 0.264865
0 0.700637 0.294595 0.025478 0.059459
5 0.740446 0.216216 0.092357 0.194595
3 0.358280 0.702703 0.098726 0.259459
3 0.576433 0.691892 0.095541 0.259459
1 0.457006 0.702703 0.105096 0.259459
11 0.676752 0.408108 0.047771 0.135135
11 0.734076 0.413514 0.066879 0.102703
11 0.101911 0.437838 0.050955 0.129730
11 0.226115 0.432432 0.044586 0.129730
11 0.189490 0.432432 0.022293 0.140541
2 0.503185 0.229730 0.038217 0.189189
11 0.152866 0.432432 0.050955 0.129730