11 0.680352 0.405213 0.058651 0.080569
11 0.478006 0.668246 0.035191 0.142180
5 0.624633 0.658768 0.082111 0.180095
1 0.539589 0.670616 0.087977 0.203791
4 0.419355 0.677725 0.076246 0.208531
3 0.328446 0.687204 0.076246 0.208531
9 0.684751 0.220379 0.073314 0.184834
0 0.643695 0.291469 0.020528 0.033175
4 0.599707 0.225118 0.067449 0.184834
10 0.516129 0.232227 0.076246 0.189573
2 0.457478 0.239336 0.029326 0.165877
11 0.071848 0.436019 0.043988 0.094787
11 0.120235 0.438389 0.046921 0.099526
11 0.149560 0.433649 0.017595 0.099526
11 0.178886 0.431280 0.041056 0.094787
11 0.631965 0.393365 0.038123 0.094787