11 0.829268 0.545151 0.017738 0.046823
11 0.777162 0.404682 0.028825 0.073579
11 0.808204 0.396321 0.033259 0.076923
11 0.738359 0.429766 0.048780 0.056856
11 0.695122 0.438127 0.033259 0.073579
11 0.393570 0.709030 0.033259 0.053512
11 0.366962 0.717391 0.015521 0.050167
11 0.341463 0.725753 0.035477 0.046823
11 0.304878 0.735786 0.033259 0.053512
8 0.740576 0.548495 0.039911 0.073579
8 0.342572 0.193980 0.064302 0.107023
5 0.415743 0.173913 0.064302 0.093645
5 0.478936 0.155518 0.057650 0.083612
1 0.791574 0.538462 0.044346 0.093645
6 0.684035 0.581940 0.055432 0.100334
11 0.529933 0.120401 0.031042 0.046823
2 0.421286 0.698997 0.013304 0.066890
0 0.763858 0.586957 0.006652 0.023411
11 0.859202 0.536789 0.037694 0.036789