11 0.565104 0.184564 0.078125 0.194631
11 0.636719 0.179530 0.065104 0.191275
11 0.710938 0.179530 0.078125 0.191275
11 0.875000 0.431208 0.072917 0.177852
11 0.591146 0.714765 0.046875 0.114094
11 0.648438 0.711409 0.052083 0.114094
11 0.699219 0.703020 0.028646 0.110738
11 0.751302 0.704698 0.044271 0.114094
11 0.597656 0.854027 0.049479 0.110738
11 0.651042 0.847315 0.046875 0.117450
0 0.419271 0.763423 0.026042 0.043624
1 0.493490 0.679530 0.075521 0.197987
1 0.346354 0.686242 0.078125 0.197987
2 0.501302 0.860738 0.054688 0.110738
2 0.225260 0.875839 0.059896 0.114094
4 0.735677 0.432886 0.070312 0.187919
6 0.423177 0.187919 0.075521 0.187919
6 0.278646 0.194631 0.072917 0.194631
6 0.445312 0.860738 0.052083 0.110738
8 0.278646 0.872483 0.046875 0.114094
9 0.334635 0.869128 0.049479 0.114094
7 0.389323 0.865772 0.049479 0.114094
10 0.203125 0.194631 0.072917 0.187919