10 0.341991 0.500000 0.051948 0.200000
7 0.590909 0.452174 0.064935 0.191304
4 0.534632 0.465217 0.056277 0.200000
4 0.469697 0.473913 0.064935 0.200000
1 0.402597 0.734783 0.069264 0.234783
11 0.454545 0.730435 0.034632 0.156522
6 0.506494 0.247826 0.077922 0.217391
6 0.575758 0.717391 0.077922 0.234783
2 0.292208 0.508696 0.038961 0.182609
2 0.348485 0.743478 0.038961 0.217391
2 0.521645 0.726087 0.030303 0.217391
1 0.404762 0.486957 0.064935 0.191304
11 0.214286 0.286957 0.064935 0.226087
11 0.277056 0.286957 0.060606 0.226087
11 0.335498 0.300000 0.056277 0.165217
11 0.621212 0.230435 0.073593 0.234783
11 0.681818 0.239130 0.056277 0.182609
11 0.742424 0.234783 0.064935 0.173913
11 0.636364 0.404348 0.034632 0.113043
11 0.677489 0.413043 0.047619 0.095652