11 0.645161 0.438272 0.032258 0.135802
4 0.470430 0.500000 0.059140 0.234568
4 0.534946 0.487654 0.059140 0.234568
4 0.596774 0.487654 0.064516 0.234568
1 0.088710 0.512346 0.059140 0.234568
2 0.516129 0.228395 0.064516 0.259259
10 0.397849 0.796296 0.075269 0.259259
6 0.500000 0.783951 0.064516 0.259259
6 0.188172 0.845679 0.053763 0.185185
5 0.567204 0.777778 0.080645 0.246914
3 0.338710 0.506173 0.064516 0.222222
8 0.405914 0.493827 0.059140 0.222222
11 0.258065 0.845679 0.043011 0.185185
11 0.215054 0.246914 0.064516 0.246914
11 0.282258 0.277778 0.059140 0.185185
11 0.338710 0.246914 0.053763 0.246914
11 0.629032 0.228395 0.064516 0.259259
11 0.690860 0.246914 0.059140 0.197531
11 0.760753 0.240741 0.069892 0.209877
11 0.448925 0.790123 0.026882 0.197531
11 0.682796 0.444444 0.043011 0.098765