11 0.716535 0.455696 0.078740 0.101266
2 0.322835 0.253165 0.047244 0.202532
2 0.374016 0.689873 0.055118 0.215190
7 0.389764 0.259494 0.086614 0.215190
7 0.559055 0.253165 0.078740 0.227848
8 0.472441 0.259494 0.078740 0.215190
8 0.437008 0.677215 0.070866 0.240506
4 0.637795 0.265823 0.078740 0.227848
5 0.724409 0.272152 0.094488 0.189873
6 0.555118 0.689873 0.086614 0.240506
9 0.649606 0.696203 0.102362 0.227848
11 0.496063 0.683544 0.031496 0.151899
11 0.283465 0.417722 0.047244 0.126582
11 0.330709 0.424051 0.047244 0.113924
11 0.374016 0.424051 0.039370 0.088608
11 0.413386 0.436709 0.039370 0.113924
11 0.452756 0.436709 0.039370 0.113924
11 0.653543 0.436709 0.047244 0.113924