11 0.808442 0.260274 0.045455 0.219178
11 0.272727 0.753425 0.051948 0.164384
11 0.454545 0.732877 0.025974 0.150685
11 0.870130 0.273973 0.064935 0.164384
11 0.681818 0.445205 0.038961 0.095890
11 0.646104 0.438356 0.032468 0.109589
11 0.133117 0.232877 0.071429 0.219178
11 0.243506 0.260274 0.058442 0.191781
0 0.288961 0.308219 0.032468 0.095890
1 0.639610 0.246575 0.058442 0.219178
1 0.756494 0.260274 0.058442 0.219178
1 0.409091 0.726027 0.064935 0.219178
0 0.688312 0.315068 0.025974 0.082192
3 0.295455 0.472603 0.058442 0.205479
3 0.477273 0.472603 0.058442 0.205479
4 0.357143 0.472603 0.064935 0.205479
4 0.418831 0.472603 0.058442 0.205479
10 0.542208 0.479452 0.058442 0.191781
7 0.600649 0.472603 0.058442 0.205479
8 0.214286 0.746575 0.038961 0.150685
8 0.571429 0.726027 0.064935 0.219178
2 0.357143 0.732877 0.025974 0.205479
2 0.522727 0.732877 0.032468 0.205479