11 0.441392 0.776423 0.032967 0.186992
11 0.688645 0.451220 0.051282 0.089431
11 0.648352 0.430894 0.029304 0.130081
11 0.771062 0.268293 0.069597 0.195122
11 0.706960 0.260163 0.058608 0.211382
11 0.644689 0.231707 0.065934 0.252033
11 0.338828 0.256098 0.062271 0.186992
11 0.274725 0.252033 0.065934 0.195122
11 0.214286 0.227642 0.069597 0.260163
2 0.611722 0.491870 0.036630 0.219512
7 0.338828 0.483740 0.062271 0.219512
2 0.587912 0.768293 0.047619 0.235772
2 0.335165 0.780488 0.040293 0.227642
4 0.536630 0.487805 0.062271 0.227642
4 0.490842 0.776423 0.065934 0.252033
1 0.388278 0.772358 0.065934 0.243902
1 0.404762 0.483740 0.069597 0.219512
2 0.481685 0.479675 0.040293 0.211382
2 0.287546 0.483740 0.040293 0.203252
5 0.521978 0.223577 0.069597 0.252033