11 0.770115 0.345745 0.252874 0.063830
11 0.764368 0.638298 0.241379 0.063830
11 0.758621 0.220745 0.252874 0.069149
11 0.735632 0.704787 0.183908 0.058511
11 0.741379 0.284574 0.172414 0.058511
8 0.252874 0.571809 0.252874 0.079787
7 0.522989 0.598404 0.218391 0.058511
9 0.517241 0.409574 0.229885 0.063830
2 0.517241 0.550532 0.206897 0.037234
2 0.511494 0.489362 0.218391 0.042553
2 0.235632 0.343085 0.241379 0.037234
2 0.201149 0.151596 0.195402 0.026596
3 0.206897 0.191489 0.183908 0.053191
3 0.517241 0.343085 0.206897 0.069149
10 0.235632 0.396277 0.264368 0.069149
10 0.764368 0.521277 0.241379 0.074468
1 0.235632 0.497340 0.264368 0.069149
1 0.517241 0.093085 0.206897 0.069149
11 0.201149 0.257979 0.195402 0.047872
11 0.557471 0.683511 0.103448 0.047872
11 0.568966 0.643617 0.126437 0.031915
11 0.241379 0.446809 0.183908 0.021277
11 0.741379 0.765957 0.195402 0.063830