11 0.644097 0.223881 0.072917 0.253731
6 0.475694 0.473881 0.062500 0.216418
6 0.539931 0.470149 0.059028 0.208955
6 0.503472 0.750000 0.076389 0.246269
2 0.348958 0.753731 0.045139 0.238806
2 0.420139 0.757463 0.034722 0.231343
2 0.597222 0.750000 0.041667 0.246269
2 0.461806 0.231343 0.062500 0.253731
3 0.274306 0.473881 0.069444 0.231343
3 0.407986 0.473881 0.059028 0.216418
5 0.340278 0.473881 0.062500 0.201493
4 0.605903 0.466418 0.065972 0.216418
4 0.090278 0.477612 0.062500 0.223881
10 0.529514 0.223881 0.065972 0.253731
11 0.217014 0.231343 0.072917 0.253731
11 0.282986 0.231343 0.059028 0.238806
11 0.343750 0.257463 0.062500 0.186567
11 0.710069 0.246269 0.059028 0.194030
11 0.772569 0.253731 0.059028 0.194030
11 0.654514 0.414179 0.024306 0.126866
11 0.696181 0.429104 0.052083 0.097015
11 0.451389 0.757463 0.027778 0.171642