9 0.579365 0.776087 0.071429 0.247826
2 0.518849 0.773913 0.041667 0.234783
1 0.093254 0.480435 0.063492 0.213043
3 0.285714 0.486957 0.055556 0.217391
3 0.479167 0.486957 0.057540 0.208696
4 0.351190 0.486957 0.055556 0.217391
4 0.416667 0.486957 0.055556 0.217391
6 0.607143 0.491304 0.059524 0.217391
10 0.541667 0.489130 0.059524 0.213043
7 0.399802 0.773913 0.077381 0.252174
7 0.185516 0.806522 0.053571 0.178261
11 0.258929 0.802174 0.045635 0.178261
6 0.769841 0.239130 0.067460 0.260870
0 0.697421 0.313043 0.033730 0.095652
3 0.653770 0.234783 0.057540 0.252174
7 0.595238 0.239130 0.063492 0.243478
2 0.532738 0.234783 0.053571 0.252174
0 0.275794 0.304348 0.031746 0.104348
11 0.109127 0.226087 0.063492 0.260870
11 0.226190 0.252174 0.067460 0.191304
11 0.829365 0.239130 0.051587 0.260870
11 0.895833 0.273913 0.061508 0.191304
11 0.656746 0.443478 0.027778 0.121739
11 0.694444 0.454348 0.043651 0.100000
11 0.452381 0.773913 0.031746 0.165217