6 0.415515 0.449833 0.059908 0.204013
10 0.476959 0.446488 0.056836 0.197324
9 0.536098 0.195652 0.061444 0.230769
9 0.543011 0.441472 0.062980 0.193980
5 0.609063 0.441472 0.056836 0.173913
1 0.403226 0.729097 0.066052 0.227425
6 0.574501 0.717391 0.073733 0.230769
11 0.224270 0.207358 0.064516 0.234114
11 0.287250 0.209030 0.061444 0.224080
11 0.350230 0.232441 0.064516 0.177258
11 0.651306 0.187291 0.064516 0.240803
11 0.711982 0.217391 0.056836 0.173913
11 0.773425 0.215719 0.059908 0.183946
2 0.305684 0.458194 0.036866 0.193980
2 0.367896 0.453177 0.026114 0.197324
2 0.351767 0.742475 0.024578 0.234114
2 0.154378 0.779264 0.019969 0.173913
4 0.192012 0.777592 0.049155 0.177258
3 0.470814 0.197324 0.062980 0.240803
3 0.503840 0.724080 0.064516 0.244147
11 0.693548 0.406355 0.047619 0.096990
11 0.453917 0.727425 0.026114 0.170569
11 0.262673 0.779264 0.049155 0.187291
11 0.653610 0.394649 0.029186 0.107023