11 0.875233 0.479228 0.067039 0.139466
11 0.216015 0.405045 0.059590 0.139466
11 0.099628 0.511869 0.035382 0.086053
11 0.133147 0.523739 0.042831 0.086053
11 0.177840 0.528190 0.035382 0.094955
11 0.205773 0.532641 0.031657 0.097923
2 0.616387 0.232938 0.078212 0.293769
1 0.683426 0.731454 0.093110 0.246291
2 0.740223 0.234421 0.083799 0.272997
1 0.411546 0.194362 0.126629 0.281899
5 0.478585 0.698813 0.100559 0.210682
7 0.370577 0.697329 0.089385 0.237389
8 0.283054 0.681009 0.078212 0.222552
8 0.597765 0.715134 0.093110 0.272997
2 0.323091 0.179525 0.087523 0.275964