11 0.445455 0.439394 0.036364 0.121212
11 0.404545 0.439394 0.045455 0.121212
11 0.322727 0.439394 0.045455 0.121212
11 0.277273 0.431818 0.045455 0.136364
9 0.704545 0.272727 0.081818 0.212121
5 0.618182 0.280303 0.072727 0.196970
3 0.540909 0.696970 0.100000 0.242424
2 0.450000 0.689394 0.063636 0.227273
2 0.368182 0.689394 0.063636 0.227273
2 0.645455 0.704545 0.072727 0.227273
2 0.554545 0.280303 0.054545 0.196970
7 0.459091 0.257576 0.081818 0.212121
7 0.377273 0.257576 0.081818 0.212121
11 0.640909 0.446970 0.045455 0.106061
11 0.695455 0.462121 0.063636 0.106061
11 0.363636 0.439394 0.036364 0.121212