11 0.689614 0.410156 0.060386 0.078125
2 0.301932 0.250000 0.028986 0.164062
2 0.549517 0.236328 0.026570 0.152344
3 0.361111 0.246094 0.070048 0.171875
3 0.444444 0.242188 0.072464 0.179688
6 0.609903 0.228516 0.070048 0.175781
7 0.694444 0.224609 0.070048 0.175781
3 0.335749 0.685547 0.082126 0.207031
3 0.423913 0.681641 0.079710 0.207031
11 0.483092 0.673828 0.033816 0.144531
5 0.547101 0.669922 0.084541 0.191406
5 0.634058 0.667969 0.084541 0.187500
11 0.264493 0.427734 0.041063 0.089844
11 0.309179 0.427734 0.048309 0.089844
11 0.350242 0.423828 0.043478 0.089844
11 0.390097 0.423828 0.045894 0.089844
11 0.429952 0.416016 0.038647 0.089844
11 0.640097 0.402344 0.038647 0.093750