8 0.580260 0.747685 0.067245 0.226852
10 0.407809 0.761574 0.065076 0.226852
10 0.194143 0.810185 0.054230 0.166667
10 0.607375 0.469907 0.060738 0.199074
6 0.541215 0.474537 0.062907 0.199074
4 0.478308 0.479167 0.058568 0.199074
6 0.411063 0.483796 0.062907 0.199074
2 0.526030 0.754630 0.028200 0.203704
2 0.354664 0.770833 0.028200 0.208333
2 0.364425 0.488426 0.026030 0.180556
2 0.299349 0.490741 0.026030 0.194444
2 0.521692 0.229167 0.045553 0.217593
3 0.464208 0.233796 0.065076 0.217593
11 0.455531 0.761574 0.030369 0.152778
11 0.264642 0.805556 0.047722 0.157407
11 0.654013 0.421296 0.028200 0.101852
11 0.695228 0.430556 0.049892 0.074074
11 0.768980 0.243056 0.062907 0.171296
11 0.707158 0.245370 0.060738 0.166667
11 0.646421 0.217593 0.069414 0.231481
11 0.341649 0.268519 0.058568 0.175926
11 0.283080 0.250000 0.062907 0.231481
11 0.220174 0.252315 0.071584 0.236111