11 0.657692 0.391566 0.038462 0.084337
4 0.565385 0.656627 0.084615 0.228916
2 0.473077 0.668675 0.038462 0.204819
8 0.653846 0.638554 0.092308 0.216867
8 0.634615 0.222892 0.069231 0.156627
10 0.546154 0.234940 0.076923 0.180723
5 0.465385 0.246988 0.084615 0.156627
7 0.380769 0.253012 0.084615 0.192771
3 0.711538 0.222892 0.069231 0.180723
3 0.357692 0.680723 0.100000 0.228916
11 0.503846 0.662651 0.038462 0.144578
11 0.707692 0.397590 0.061538 0.072289
11 0.453846 0.421687 0.046154 0.096386
11 0.411538 0.427711 0.038462 0.084337
11 0.369231 0.427711 0.046154 0.084337
11 0.330769 0.433735 0.046154 0.096386
11 0.280769 0.439759 0.038462 0.084337