9 0.573227 0.765464 0.075515 0.242268
0 0.271167 0.291237 0.034325 0.087629
1 0.399314 0.765464 0.075515 0.242268
11 0.105263 0.211340 0.064073 0.237113
11 0.223112 0.237113 0.066362 0.185567
11 0.653318 0.420103 0.029748 0.118557
11 0.692220 0.438144 0.043478 0.082474
11 0.824943 0.219072 0.057208 0.252577
11 0.894737 0.250000 0.073227 0.180412
11 0.257437 0.798969 0.043478 0.175258
2 0.151030 0.796392 0.041190 0.170103
2 0.197941 0.798969 0.025172 0.164948
2 0.303204 0.469072 0.043478 0.216495
2 0.363844 0.469072 0.032037 0.206186
9 0.528604 0.216495 0.064073 0.237113
6 0.592677 0.216495 0.064073 0.247423
0 0.638444 0.293814 0.027460 0.092784
7 0.712815 0.219072 0.066362 0.252577
7 0.410755 0.469072 0.057208 0.216495
4 0.091533 0.463918 0.064073 0.226804
4 0.494279 0.762887 0.068650 0.247423
10 0.474828 0.471649 0.061785 0.221649
8 0.543478 0.466495 0.061785 0.211340
2 0.621281 0.479381 0.034325 0.206186
3 0.321510 0.760309 0.066362 0.252577