11 0.798890 0.133981 0.019417 0.050485
11 0.323162 0.565049 0.033287 0.050485
11 0.287101 0.568932 0.033287 0.054369
11 0.252427 0.571845 0.033287 0.052427
6 0.636616 0.656311 0.080444 0.139806
9 0.751040 0.643689 0.084605 0.137864
9 0.526352 0.666990 0.087379 0.141748
1 0.411234 0.681553 0.090153 0.143689
4 0.294036 0.694175 0.088766 0.141748
1 0.504161 0.326214 0.148405 0.240777
11 0.891817 0.128155 0.024965 0.050485
11 0.860610 0.129126 0.026352 0.048544
10 0.848128 0.301942 0.128988 0.223301
2 0.387656 0.334951 0.051318 0.227184
11 0.829404 0.131068 0.030513 0.044660
3 0.696255 0.311650 0.144244 0.231068
11 0.244799 0.181553 0.048544 0.071845
11 0.771845 0.133981 0.029126 0.046602