11 0.824945 0.245146 0.061269 0.266990
11 0.103939 0.228155 0.067834 0.252427
11 0.225383 0.252427 0.061269 0.203883
11 0.691466 0.458738 0.048140 0.101942
11 0.652079 0.449029 0.030635 0.131068
11 0.889497 0.274272 0.063457 0.199029
0 0.635667 0.315534 0.032823 0.106796
0 0.274617 0.305825 0.037199 0.106796
9 0.571116 0.783981 0.065646 0.247573
1 0.710066 0.240291 0.063457 0.247573
1 0.588621 0.233010 0.061269 0.252427
1 0.473742 0.490291 0.059081 0.213592
1 0.401532 0.779126 0.072210 0.247573
2 0.298687 0.497573 0.032823 0.218447
2 0.366521 0.495146 0.024070 0.213592
2 0.350109 0.788835 0.030635 0.266990
3 0.497812 0.774272 0.072210 0.257282
6 0.605033 0.495146 0.059081 0.223301
10 0.540481 0.495146 0.061269 0.213592
8 0.414661 0.483010 0.054705 0.218447