1 0.584565 0.798805 0.075534 0.290837
5 0.482759 0.470120 0.068966 0.231076
5 0.340722 0.474104 0.064039 0.231076
6 0.505747 0.804781 0.075534 0.286853
8 0.532020 0.183267 0.068966 0.270916
6 0.403120 0.798805 0.077176 0.298805
2 0.631363 0.480080 0.034483 0.243028
11 0.453202 0.818725 0.032841 0.227092
11 0.664204 0.418327 0.034483 0.127490
11 0.704433 0.430279 0.049261 0.111554
11 0.211823 0.179283 0.065681 0.262948
11 0.277504 0.217131 0.062397 0.211155
11 0.342365 0.219124 0.067323 0.215139
11 0.719212 0.209163 0.062397 0.203187
11 0.787356 0.213147 0.064039 0.219124
2 0.344828 0.790837 0.032841 0.258964
4 0.412151 0.468127 0.065681 0.258964
3 0.547619 0.466135 0.064039 0.254980
11 0.652709 0.181275 0.067323 0.266932
3 0.467159 0.181275 0.060755 0.266932
3 0.270936 0.488048 0.068966 0.258964