11 0.837079 0.177273 0.056180 0.281818
11 0.904494 0.204545 0.056180 0.209091
1 0.593633 0.181818 0.063670 0.272727
1 0.719101 0.181818 0.059925 0.254545
8 0.481273 0.477273 0.063670 0.245455
7 0.582397 0.804545 0.071161 0.281818
10 0.342697 0.490909 0.048689 0.254545
1 0.612360 0.477273 0.063670 0.227273
3 0.408240 0.486364 0.059925 0.245455
2 0.297753 0.486364 0.033708 0.227273
2 0.417603 0.813636 0.033708 0.263636
2 0.350187 0.818182 0.041199 0.272727
4 0.503745 0.818182 0.063670 0.290909
4 0.539326 0.481818 0.052434 0.236364
11 0.640449 0.268182 0.029963 0.100000
11 0.265918 0.286364 0.037453 0.100000
11 0.215356 0.227273 0.063670 0.218182
11 0.089888 0.209091 0.067416 0.290909
11 0.453184 0.804545 0.029963 0.209091
11 0.659176 0.413636 0.029963 0.136364
11 0.698502 0.431818 0.048689 0.100000