11 0.224796 0.418860 0.046322 0.118421
5 0.625341 0.223684 0.079019 0.175439
4 0.550409 0.228070 0.065395 0.210526
6 0.715259 0.212719 0.089918 0.206140
0 0.671662 0.287281 0.019074 0.074561
1 0.132153 0.679825 0.084469 0.228070
11 0.652589 0.396930 0.046322 0.127193
11 0.709809 0.403509 0.068120 0.087719
7 0.658038 0.642544 0.095368 0.232456
2 0.475477 0.660088 0.057221 0.232456
3 0.366485 0.666667 0.100817 0.254386
2 0.594005 0.651316 0.038147 0.241228
2 0.487738 0.232456 0.049046 0.201754
11 0.189373 0.423246 0.024523 0.118421
11 0.152589 0.421053 0.038147 0.114035
11 0.107629 0.429825 0.046322 0.114035