8 0.473118 0.468310 0.057348 0.176056
9 0.535842 0.468310 0.060932 0.190141
2 0.517921 0.714789 0.032258 0.204225
11 0.455197 0.735915 0.028674 0.161972
11 0.215054 0.302817 0.064516 0.225352
11 0.277778 0.285211 0.060932 0.204225
11 0.338710 0.299296 0.060932 0.161972
10 0.338710 0.496479 0.060932 0.190141
7 0.517921 0.242958 0.060932 0.218310
11 0.639785 0.404930 0.032258 0.091549
11 0.677419 0.408451 0.043011 0.070423
11 0.630824 0.221831 0.064516 0.204225
11 0.689964 0.232394 0.060932 0.154930
11 0.749104 0.228873 0.057348 0.161972
5 0.569892 0.707746 0.071685 0.190141
2 0.347670 0.750000 0.050179 0.218310
2 0.421147 0.735915 0.039427 0.218310
2 0.297491 0.514085 0.035842 0.197183
3 0.453405 0.257042 0.068100 0.218310
3 0.594982 0.450704 0.057348 0.183099
3 0.403226 0.482394 0.060932 0.190141