11 0.677802 0.439904 0.040948 0.081731
7 0.344828 0.485577 0.060345 0.201923
9 0.523707 0.233173 0.064655 0.235577
9 0.592672 0.478365 0.060345 0.197115
9 0.560345 0.752404 0.068966 0.225962
2 0.299569 0.487981 0.025862 0.187500
2 0.346983 0.759615 0.030172 0.211538
2 0.509698 0.754808 0.028017 0.211538
1 0.408405 0.480769 0.062500 0.201923
1 0.397629 0.754808 0.066810 0.221154
5 0.473060 0.483173 0.062500 0.187500
8 0.534483 0.475962 0.051724 0.201923
11 0.641164 0.430288 0.028017 0.100962
11 0.228448 0.233173 0.064655 0.245192
11 0.292026 0.266827 0.058190 0.168269
11 0.346983 0.235577 0.043103 0.240385
11 0.637931 0.228365 0.064655 0.235577
11 0.698276 0.262019 0.056034 0.177885
11 0.759698 0.259615 0.066810 0.173077